        -5	2.45585e-006
  -4.96109	2.37457e-006
  -4.92218	2.42673e-006
  -4.88327	2.66843e-006
  -4.84436	3.10923e-006
  -4.80545	3.81482e-006
  -4.76654	4.8208e-006
  -4.72763	6.21591e-006
  -4.68872	8.07322e-006
  -4.64981	1.05128e-005
  -4.61089	1.36631e-005
  -4.57198	1.768e-005
  -4.53307	2.27761e-005
  -4.49416	2.91623e-005
  -4.45525	3.71727e-005
  -4.41634	4.72648e-005
  -4.37743	5.97247e-005
  -4.33852	7.50254e-005
  -4.29961	9.39273e-005
   -4.2607	0.000116973
  -4.22179	0.000145144
  -4.18288	0.000179238
  -4.14397	0.000220497
  -4.10506	0.000270065
  -4.06615	0.000329526
  -4.02724	0.000400459
  -3.98833	0.000484818
  -3.94942	0.00058469
  -3.91051	0.000702309
   -3.8716	0.000840486
  -3.83268	0.00100238
  -3.79377	0.00119124
  -3.75486	0.00141031
  -3.71595	0.00166437
  -3.67704	0.00195754
  -3.63813	0.00229497
  -3.59922	0.0026819
  -3.56031	0.00312435
   -3.5214	0.0036287
  -3.48249	0.00420217
  -3.44358	0.00485245
  -3.40467	0.00558822
  -3.36576	0.00641856
  -3.32685	0.00735331
  -3.28794	0.00840321
  -3.24903	0.0095773
  -3.21012	0.0108898
  -3.17121	0.0123534
   -3.1323	0.0139799
  -3.09339	0.0157845
  -3.05447	0.0177807
  -3.01556	0.0199845
  -2.97665	0.0224108
  -2.93774	0.0250759
  -2.89883	0.0279953
  -2.85992	0.0311846
  -2.82101	0.0346589
   -2.7821	0.0384323
  -2.74319	0.0425199
  -2.70428	0.0469323
  -2.66537	0.051683
  -2.62646	0.0567769
  -2.58755	0.0622224
  -2.54864	0.0680217
  -2.50973	0.0741741
  -2.47082	0.0806772
  -2.43191	0.087522
    -2.393	0.0946977
  -2.35409	0.102186
  -2.31518	0.109968
  -2.27626	0.118015
  -2.23735	0.126298
  -2.19844	0.13478
  -2.15953	0.143416
  -2.12062	0.152163
  -2.08171	0.160966
   -2.0428	0.169775
  -2.00389	0.178526
  -1.96498	0.187159
  -1.92607	0.195608
  -1.88716	0.203804
  -1.84825	0.211678
  -1.80934	0.21916
  -1.77043	0.226179
  -1.73152	0.232666
  -1.69261	0.238553
   -1.6537	0.243773
  -1.61479	0.248263
  -1.57588	0.251967
  -1.53696	0.254829
  -1.49805	0.256814
  -1.45914	0.257872
  -1.42023	0.257975
  -1.38132	0.257106
  -1.34241	0.255254
   -1.3035	0.252425
  -1.26459	0.248631
  -1.22568	0.243899
  -1.18677	0.238271
  -1.14786	0.231796
  -1.10895	0.224544
  -1.07004	0.21659
  -1.03113	0.208029
 -0.992218	0.198959
 -0.953307	0.189496
 -0.914397	0.179745
 -0.875486	0.169835
 -0.836576	0.159894
 -0.797665	0.150039
 -0.758755	0.140388
 -0.719844	0.131055
 -0.680934	0.12214
 -0.642023	0.113736
 -0.603113	0.105913
 -0.564202	0.0987345
 -0.525292	0.0922378
 -0.486381	0.0864487
 -0.447471	0.0813725
  -0.40856	0.0769979
  -0.36965	0.0733025
 -0.330739	0.0702451
 -0.291829	0.0677864
 -0.252918	0.0658785
 -0.214008	0.0644695
 -0.175097	0.0635136
 -0.136187	0.0629706
-0.0972763	0.0628091
-0.0583658	0.0630133
-0.0194553	0.063578
 0.0194553	0.0645184
 0.0583658	0.0658605
 0.0972763	0.0676497
  0.136187	0.0699403
  0.175097	0.0727987
  0.214008	0.0762978
  0.252918	0.0805103
  0.291829	0.0855112
  0.330739	0.0913727
   0.36965	0.098145
   0.40856	0.105873
  0.447471	0.114577
  0.486381	0.124257
  0.525292	0.134891
  0.564202	0.14643
  0.603113	0.158803
  0.642023	0.17191
  0.680934	0.185637
  0.719844	0.199844
  0.758755	0.214382
  0.797665	0.229084
  0.836576	0.243774
  0.875486	0.258274
  0.914397	0.272424
  0.953307	0.286039
  0.992218	0.298963
   1.03113	0.311042
   1.07004	0.322142
   1.10895	0.33214
   1.14786	0.340933
   1.18677	0.348435
   1.22568	0.354577
   1.26459	0.359311
    1.3035	0.362605
   1.34241	0.364453
   1.38132	0.364854
   1.42023	0.363838
   1.45914	0.361436
   1.49805	0.357691
   1.53696	0.352674
   1.57588	0.346448
   1.61479	0.3391
    1.6537	0.330714
   1.69261	0.321387
   1.73152	0.311217
   1.77043	0.300307
   1.80934	0.288763
   1.84825	0.27669
   1.88716	0.264196
   1.92607	0.251382
   1.96498	0.238352
   2.00389	0.225207
    2.0428	0.212041
   2.08171	0.198941
   2.12062	0.185989
   2.15953	0.173267
   2.19844	0.160839
   2.23735	0.148769
   2.27626	0.137108
   2.31518	0.125904
   2.35409	0.115194
     2.393	0.105008
   2.43191	0.0953696
   2.47082	0.0862945
   2.50973	0.0777921
   2.54864	0.069865
   2.58755	0.0625072
   2.62646	0.0557095
   2.66537	0.0494606
   2.70428	0.0437423
   2.74319	0.038531
    2.7821	0.0338057
   2.82101	0.0295393
   2.85992	0.0257057
   2.89883	0.0222761
   2.93774	0.0192222
   2.97665	0.0165152
   3.01556	0.0141265
   3.05447	0.0120285
   3.09339	0.0101938
    3.1323	0.00859696
   3.17121	0.0072138
   3.21012	0.00602142
   3.24903	0.004999
   3.28794	0.00412595
   3.32685	0.00338526
   3.36576	0.00275957
   3.40467	0.00223435
   3.44358	0.00179584
   3.48249	0.00143217
    3.5214	0.0011325
   3.56031	0.000887311
   3.59922	0.00068821
   3.63813	0.00052776
   3.67704	0.000399678
   3.71595	0.000298327
   3.75486	0.000219122
   3.79377	0.000158089
   3.83268	0.000111383
    3.8716	7.64251e-005
   3.91051	5.0735e-005
   3.94942	3.2332e-005
   3.98833	1.9554e-005
   4.02724	1.10517e-005
   4.06615	5.72208e-006
   4.10506	2.69761e-006
   4.14397	1.28985e-006
   4.18288	9.6748e-007
   4.22179	1.33479e-006
    4.2607	2.07679e-006
   4.29961	2.9825e-006
   4.33852	3.8857e-006
   4.37743	4.68153e-006
   4.41634	5.34309e-006
   4.45525	5.80492e-006
   4.49416	6.09016e-006
   4.53307	6.18382e-006
   4.57198	6.11657e-006
   4.61089	5.89853e-006
   4.64981	5.57592e-006
   4.68872	5.16536e-006
   4.72763	4.71672e-006
   4.76654	4.24303e-006
   4.80545	3.78418e-006
   4.84436	3.3499e-006
   4.88327	2.962e-006
   4.92218	2.65025e-006
