        -5	8.10188e-007
  -4.96109	3.79668e-007
  -4.92218	1.17053e-007
  -4.88327	6.49167e-009
  -4.84436	3.49938e-008
  -4.80545	1.9432e-007
  -4.76654	4.79756e-007
  -4.72763	8.81596e-007
  -4.68872	1.40212e-006
  -4.64981	2.04027e-006
  -4.61089	2.79215e-006
  -4.57198	3.6851e-006
  -4.53307	4.71229e-006
  -4.49416	5.86759e-006
  -4.45525	7.15386e-006
  -4.41634	8.6127e-006
  -4.37743	1.0252e-005
  -4.33852	1.20648e-005
  -4.29961	1.40476e-005
   -4.2607	1.62453e-005
  -4.22179	1.87029e-005
  -4.18288	2.13902e-005
  -4.14397	2.42935e-005
  -4.10506	2.74737e-005
  -4.06615	3.09476e-005
  -4.02724	3.4681e-005
  -3.98833	3.87582e-005
  -3.94942	4.31651e-005
  -3.91051	4.78656e-005
   -3.8716	5.29714e-005
  -3.83268	5.8422e-005
  -3.79377	6.42876e-005
  -3.75486	7.06497e-005
  -3.71595	7.74505e-005
  -3.67704	8.49239e-005
  -3.63813	9.30037e-005
  -3.59922	0.000101955
  -3.56031	0.000111866
   -3.5214	0.000122934
  -3.48249	0.000135321
  -3.44358	0.000149336
  -3.40467	0.000165109
  -3.36576	0.000183087
  -3.32685	0.000203687
  -3.28794	0.00022721
  -3.24903	0.000253994
  -3.21012	0.000284547
  -3.17121	0.000319408
   -3.1323	0.000359177
  -3.09339	0.000404422
  -3.05447	0.000455913
  -3.01556	0.0005146
  -2.97665	0.000581842
  -2.93774	0.000658755
  -2.89883	0.000747119
  -2.85992	0.000849392
  -2.82101	0.000968715
   -2.7821	0.00110828
  -2.74319	0.00127318
  -2.70428	0.00146898
  -2.66537	0.00170248
  -2.62646	0.00198285
  -2.58755	0.00231992
  -2.54864	0.00272607
  -2.50973	0.00321533
  -2.47082	0.0038031
  -2.43191	0.00450767
    -2.393	0.00534735
  -2.35409	0.00634412
  -2.31518	0.00751867
  -2.27626	0.00889444
  -2.23735	0.0104936
  -2.19844	0.0123368
  -2.15953	0.014444
  -2.12062	0.0168314
  -2.08171	0.019511
   -2.0428	0.0224919
  -2.00389	0.025777
  -1.96498	0.0293603
  -1.92607	0.0332283
  -1.88716	0.0373624
  -1.84825	0.0417361
  -1.80934	0.0463129
  -1.77043	0.051047
  -1.73152	0.0558902
  -1.69261	0.0607912
   -1.6537	0.0656922
  -1.61479	0.0705345
  -1.57588	0.0752666
  -1.53696	0.0798378
  -1.49805	0.0842072
  -1.45914	0.0883509
  -1.42023	0.0922558
  -1.38132	0.0959289
  -1.34241	0.0994044
   -1.3035	0.10273
  -1.26459	0.105992
  -1.22568	0.109292
  -1.18677	0.112763
  -1.14786	0.116561
  -1.10895	0.120857
  -1.07004	0.125845
  -1.03113	0.131726
 -0.992218	0.138704
 -0.953307	0.146982
 -0.914397	0.156748
 -0.875486	0.168164
 -0.836576	0.181371
 -0.797665	0.196471
 -0.758755	0.213524
 -0.719844	0.232537
 -0.680934	0.253468
 -0.642023	0.27622
 -0.603113	0.300648
 -0.564202	0.326547
 -0.525292	0.353667
 -0.486381	0.381719
 -0.447471	0.410384
  -0.40856	0.439304
  -0.36965	0.468099
 -0.330739	0.496391
 -0.291829	0.523789
 -0.252918	0.549897
 -0.214008	0.57435
 -0.175097	0.596769
 -0.136187	0.616812
-0.0972763	0.634158
-0.0583658	0.648502
-0.0194553	0.659594
 0.0194553	0.667188
 0.0583658	0.671103
 0.0972763	0.671176
  0.136187	0.667295
  0.175097	0.659394
  0.214008	0.647446
  0.252918	0.631497
  0.291829	0.611638
  0.330739	0.588028
   0.36965	0.560893
   0.40856	0.530526
  0.447471	0.497284
  0.486381	0.461607
  0.525292	0.424005
  0.564202	0.385044
  0.603113	0.345335
  0.642023	0.305538
  0.680934	0.266338
  0.719844	0.228427
  0.758755	0.192461
  0.797665	0.159065
  0.836576	0.128799
  0.875486	0.102133
  0.914397	0.0794198
  0.953307	0.060897
  0.992218	0.0466657
   1.03113	0.03669
   1.07004	0.0308062
   1.10895	0.0287299
   1.14786	0.0300686
   1.18677	0.0343517
   1.22568	0.0410466
   1.26459	0.0495861
    1.3035	0.0593987
   1.34241	0.0699188
   1.38132	0.0806229
   1.42023	0.09103
   1.45914	0.100726
   1.49805	0.109366
   1.53696	0.116681
   1.57588	0.122475
   1.61479	0.126631
    1.6537	0.129094
   1.69261	0.12987
   1.73152	0.129027
   1.77043	0.126677
   1.80934	0.122962
   1.84825	0.118052
   1.88716	0.112138
   1.92607	0.105423
   1.96498	0.098109
   2.00389	0.0903918
    2.0428	0.0824585
   2.08171	0.0744873
   2.12062	0.0666319
   2.15953	0.0590244
   2.19844	0.0517785
   2.23735	0.0449831
   2.27626	0.0387022
   2.31518	0.0329837
   2.35409	0.0278503
     2.393	0.0233083
   2.43191	0.019349
   2.47082	0.015948
   2.50973	0.0130729
   2.54864	0.0106824
   2.58755	0.00872956
   2.62646	0.00716549
   2.66537	0.00593934
   2.70428	0.00500115
   2.74319	0.00430343
    2.7821	0.0038012
   2.82101	0.00345359
   2.85992	0.0032246
   2.89883	0.00308235
   2.93774	0.00299979
   2.97665	0.00295571
   3.01556	0.00293207
   3.05447	0.00291517
   3.09339	0.00289452
    3.1323	0.00286333
   3.17121	0.00281717
   3.21012	0.00275388
   3.24903	0.00267264
   3.28794	0.00257415
   3.32685	0.00246084
   3.36576	0.00233482
   3.40467	0.00219836
   3.44358	0.00205463
   3.48249	0.00190672
    3.5214	0.00175683
   3.56031	0.00160795
   3.59922	0.00146213
   3.63813	0.00132078
   3.67704	0.00118609
   3.71595	0.0010584
   3.75486	0.000939257
   3.79377	0.000828699
   3.83268	0.000727204
    3.8716	0.000634772
   3.91051	0.000551166
   3.94942	0.000476133
   3.98833	0.000409411
   4.02724	0.000350323
   4.06615	0.00029846
   4.10506	0.000253176
   4.14397	0.000213749
   4.18288	0.000179606
   4.22179	0.000150352
    4.2607	0.000125369
   4.29961	0.000104084
   4.33852	8.59853e-005
   4.37743	7.07218e-005
   4.41634	5.79316e-005
   4.45525	4.72136e-005
   4.49416	3.82159e-005
   4.53307	3.07228e-005
   4.57198	2.45638e-005
   4.61089	1.94587e-005
   4.64981	1.52515e-005
   4.68872	1.18154e-005
   4.72763	9.00089e-006
   4.76654	6.70844e-006
   4.80545	4.8868e-006
   4.84436	3.42743e-006
   4.88327	2.29961e-006
   4.92218	1.44136e-006
