        -5	3.54609e-005
  -4.96109	4.46603e-005
  -4.92218	5.59975e-005
  -4.88327	6.97148e-005
  -4.84436	8.62857e-005
  -4.80545	0.000106179
  -4.76654	0.00012979
  -4.72763	0.000157807
  -4.68872	0.000191029
  -4.64981	0.000230148
  -4.61089	0.000276078
  -4.57198	0.000330201
  -4.53307	0.000393512
  -4.49416	0.000467586
  -4.45525	0.000553765
  -4.41634	0.000654161
  -4.37743	0.000771054
  -4.33852	0.000906796
  -4.29961	0.00106434
   -4.2607	0.00124632
  -4.22179	0.00145657
  -4.18288	0.00169907
  -4.14397	0.00197775
  -4.10506	0.00229731
  -4.06615	0.00266349
  -4.02724	0.0030815
  -3.98833	0.00355755
  -3.94942	0.00409867
  -3.91051	0.00471158
   -3.8716	0.00540533
  -3.83268	0.00618608
  -3.79377	0.00706346
  -3.75486	0.00804568
  -3.71595	0.00914178
  -3.67704	0.0103609
  -3.63813	0.011712
  -3.59922	0.0132041
  -3.56031	0.0148461
   -3.5214	0.0166462
  -3.48249	0.0186121
  -3.44358	0.0207497
  -3.40467	0.0230649
  -3.36576	0.025563
  -3.32685	0.0282474
  -3.28794	0.0311186
  -3.24903	0.0341773
  -3.21012	0.0374194
  -3.17121	0.0408412
   -3.1323	0.0444385
  -3.09339	0.0482007
  -3.05447	0.0521163
  -3.01556	0.0561744
  -2.97665	0.060361
  -2.93774	0.0646552
  -2.89883	0.0690435
  -2.85992	0.0735047
  -2.82101	0.0780173
   -2.7821	0.0825594
  -2.74319	0.0871044
  -2.70428	0.0916365
  -2.66537	0.0961297
  -2.62646	0.100564
  -2.58755	0.104918
  -2.54864	0.109172
  -2.50973	0.11331
  -2.47082	0.117313
  -2.43191	0.121169
    -2.393	0.124864
  -2.35409	0.128389
  -2.31518	0.131738
  -2.27626	0.134904
  -2.23735	0.137881
  -2.19844	0.140663
  -2.15953	0.143251
  -2.12062	0.145643
  -2.08171	0.147838
   -2.0428	0.149837
  -2.00389	0.151631
  -1.96498	0.153223
  -1.92607	0.154607
  -1.88716	0.155774
  -1.84825	0.156716
  -1.80934	0.157423
  -1.77043	0.157883
  -1.73152	0.158084
  -1.69261	0.158009
   -1.6537	0.157639
  -1.61479	0.156961
  -1.57588	0.155957
  -1.53696	0.154616
  -1.49805	0.152929
  -1.45914	0.150884
  -1.42023	0.14848
  -1.38132	0.145725
  -1.34241	0.142629
   -1.3035	0.139207
  -1.26459	0.135493
  -1.22568	0.131525
  -1.18677	0.12735
  -1.14786	0.123029
  -1.10895	0.118628
  -1.07004	0.114226
  -1.03113	0.109907
 -0.992218	0.105763
 -0.953307	0.101893
 -0.914397	0.0983948
 -0.875486	0.0953633
 -0.836576	0.0928974
 -0.797665	0.0910878
 -0.758755	0.0900133
 -0.719844	0.0897451
 -0.680934	0.0903418
 -0.642023	0.0918466
 -0.603113	0.0942876
 -0.564202	0.0976727
 -0.525292	0.101993
 -0.486381	0.107221
 -0.447471	0.11332
  -0.40856	0.120231
  -0.36965	0.127889
 -0.330739	0.136209
 -0.291829	0.145105
 -0.252918	0.154483
 -0.214008	0.164248
 -0.175097	0.174301
 -0.136187	0.184548
-0.0972763	0.194895
-0.0583658	0.205267
-0.0194553	0.215578
 0.0194553	0.225763
 0.0583658	0.23575
 0.0972763	0.245495
  0.136187	0.254951
  0.175097	0.264083
  0.214008	0.272857
  0.252918	0.28125
  0.291829	0.289237
  0.330739	0.296806
   0.36965	0.303933
   0.40856	0.310609
  0.447471	0.316809
  0.486381	0.322529
  0.525292	0.327744
  0.564202	0.332438
  0.603113	0.336581
  0.642023	0.340149
  0.680934	0.343122
  0.719844	0.345473
  0.758755	0.347174
  0.797665	0.348201
  0.836576	0.348528
  0.875486	0.348134
  0.914397	0.347
  0.953307	0.345113
  0.992218	0.34246
   1.03113	0.339039
   1.07004	0.334861
   1.10895	0.329928
   1.14786	0.32426
   1.18677	0.317871
   1.22568	0.3108
   1.26459	0.303086
    1.3035	0.294768
   1.34241	0.2859
   1.38132	0.276538
   1.42023	0.266739
   1.45914	0.256567
   1.49805	0.246091
   1.53696	0.235378
   1.57588	0.224491
   1.61479	0.213509
    1.6537	0.202495
   1.69261	0.191513
   1.73152	0.180625
   1.77043	0.169884
   1.80934	0.159353
   1.84825	0.149074
   1.88716	0.139092
   1.92607	0.129445
   1.96498	0.120166
   2.00389	0.111276
    2.0428	0.102799
   2.08171	0.0947474
   2.12062	0.0871306
   2.15953	0.0799496
   2.19844	0.0732085
   2.23735	0.0668968
   2.27626	0.0610116
   2.31518	0.0555371
   2.35409	0.0504624
     2.393	0.0457704
   2.43191	0.0414435
   2.47082	0.0374629
   2.50973	0.0338126
   2.54864	0.0304699
   2.58755	0.027416
   2.62646	0.0246329
   2.66537	0.022101
   2.70428	0.0198026
   2.74319	0.017718
    2.7821	0.0158316
   2.82101	0.0141268
   2.85992	0.0125902
   2.89883	0.0112071
   2.93774	0.0099636
   2.97665	0.00884755
   3.01556	0.00784786
   3.05447	0.0069531
   3.09339	0.00615417
    3.1323	0.00544159
   3.17121	0.00480736
   3.21012	0.00424288
   3.24903	0.00374218
   3.28794	0.0032982
   3.32685	0.00290456
   3.36576	0.0025566
   3.40467	0.00224882
   3.44358	0.00197746
   3.48249	0.00173806
    3.5214	0.00152694
   3.56031	0.00134123
   3.59922	0.00117779
   3.63813	0.00103367
   3.67704	0.000906923
   3.71595	0.000795464
   3.75486	0.000697156
   3.79377	0.000610539
   3.83268	0.000533998
    3.8716	0.000466722
   3.91051	0.000407357
   3.94942	0.000355124
   3.98833	0.000308858
   4.02724	0.000267922
   4.06615	0.000231821
   4.10506	0.000199927
   4.14397	0.000171678
   4.18288	0.000146835
   4.22179	0.000124954
    4.2607	0.000105663
   4.29961	8.87571e-005
   4.33852	7.40661e-005
   4.37743	6.13184e-005
   4.41634	5.03265e-005
   4.45525	4.0989e-005
   4.49416	3.31022e-005
   4.53307	2.66364e-005
   4.57198	2.14801e-005
   4.61089	1.75566e-005
   4.64981	1.48087e-005
   4.68872	1.3194e-005
   4.72763	1.26831e-005
   4.76654	1.3323e-005
   4.80545	1.51025e-005
   4.84436	1.80781e-005
   4.88327	2.23619e-005
   4.92218	2.80773e-005
