        -5	7.71003e-006
  -4.96109	6.20951e-006
  -4.92218	5.02647e-006
  -4.88327	4.08378e-006
  -4.84436	3.33345e-006
  -4.80545	2.72814e-006
  -4.76654	2.22218e-006
  -4.72763	1.80861e-006
  -4.68872	1.46527e-006
  -4.64981	1.1801e-006
  -4.61089	9.40558e-007
  -4.57198	7.28655e-007
  -4.53307	5.50201e-007
  -4.49416	3.97546e-007
  -4.45525	2.74346e-007
  -4.41634	1.71773e-007
  -4.37743	9.56457e-008
  -4.33852	5.58677e-008
  -4.29961	5.65569e-008
   -4.2607	1.15911e-007
  -4.22179	2.55163e-007
  -4.18288	4.9613e-007
  -4.14397	8.68997e-007
  -4.10506	1.42689e-006
  -4.06615	2.22969e-006
  -4.02724	3.36467e-006
  -3.98833	4.91567e-006
  -3.94942	7.01543e-006
  -3.91051	9.87248e-006
   -3.8716	1.36914e-005
  -3.83268	1.87603e-005
  -3.79377	2.54737e-005
  -3.75486	3.42926e-005
  -3.71595	4.57476e-005
  -3.67704	6.07558e-005
  -3.63813	8.01274e-005
  -3.59922	0.000105184
  -3.56031	0.000137335
   -3.5214	0.000178472
  -3.48249	0.000230722
  -3.44358	0.000296848
  -3.40467	0.000380139
  -3.36576	0.000484361
  -3.32685	0.000614241
  -3.28794	0.000775424
  -3.24903	0.000974427
  -3.21012	0.00121878
  -3.17121	0.00151737
   -3.1323	0.00188032
  -3.09339	0.0023193
  -3.05447	0.00284826
  -3.01556	0.00348148
  -2.97665	0.0042369
  -2.93774	0.00513247
  -2.89883	0.00618978
  -2.85992	0.00743085
  -2.82101	0.00888189
   -2.7821	0.0105689
  -2.74319	0.0125208
  -2.70428	0.0147695
  -2.66537	0.0173473
  -2.62646	0.0202864
  -2.58755	0.0236231
  -2.54864	0.0273911
  -2.50973	0.0316242
  -2.47082	0.0363592
  -2.43191	0.0416274
    -2.393	0.0474592
  -2.35409	0.0538807
  -2.31518	0.0609152
  -2.27626	0.0685848
  -2.23735	0.0769007
  -2.19844	0.0858685
  -2.15953	0.0954853
  -2.12062	0.105743
  -2.08171	0.116622
   -2.0428	0.128093
  -2.00389	0.14012
  -1.96498	0.152654
  -1.92607	0.165638
  -1.88716	0.179004
  -1.84825	0.192667
  -1.80934	0.206546
  -1.77043	0.220542
  -1.73152	0.234559
  -1.69261	0.248481
   -1.6537	0.262195
  -1.61479	0.275587
  -1.57588	0.288545
  -1.53696	0.300953
  -1.49805	0.312695
  -1.45914	0.323667
  -1.42023	0.333762
  -1.38132	0.34289
  -1.34241	0.350965
   -1.3035	0.357915
  -1.26459	0.36369
  -1.22568	0.368247
  -1.18677	0.371553
  -1.14786	0.373601
  -1.10895	0.374395
  -1.07004	0.37397
  -1.03113	0.372363
 -0.992218	0.369628
 -0.953307	0.365845
 -0.914397	0.361104
 -0.875486	0.355497
 -0.836576	0.349143
 -0.797665	0.342157
 -0.758755	0.334645
 -0.719844	0.326735
 -0.680934	0.318533
 -0.642023	0.310155
 -0.603113	0.301686
 -0.564202	0.293213
 -0.525292	0.284795
 -0.486381	0.276483
 -0.447471	0.26831
  -0.40856	0.26028
  -0.36965	0.252383
 -0.330739	0.2446
 -0.291829	0.23689
 -0.252918	0.229202
 -0.214008	0.22149
 -0.175097	0.213691
 -0.136187	0.205749
-0.0972763	0.197626
-0.0583658	0.189285
-0.0194553	0.180717
 0.0194553	0.171918
 0.0583658	0.162922
 0.0972763	0.153774
  0.136187	0.144558
  0.175097	0.135371
  0.214008	0.126333
  0.252918	0.117583
  0.291829	0.109279
  0.330739	0.101574
   0.36965	0.0946379
   0.40856	0.0886268
  0.447471	0.0836826
  0.486381	0.0799359
  0.525292	0.07749
  0.564202	0.0764196
  0.603113	0.0767665
  0.642023	0.0785326
  0.680934	0.0816898
  0.719844	0.0861679
  0.758755	0.0918712
  0.797665	0.0986624
  0.836576	0.106383
  0.875486	0.114857
  0.914397	0.12389
  0.953307	0.133277
  0.992218	0.142819
   1.03113	0.152311
   1.07004	0.161557
   1.10895	0.170383
   1.14786	0.178625
   1.18677	0.186145
   1.22568	0.192816
   1.26459	0.198545
    1.3035	0.203262
   1.34241	0.206922
   1.38132	0.209499
   1.42023	0.21099
   1.45914	0.211414
   1.49805	0.210808
   1.53696	0.209218
   1.57588	0.206713
   1.61479	0.203364
    1.6537	0.199262
   1.69261	0.194493
   1.73152	0.189146
   1.77043	0.183316
   1.80934	0.177091
   1.84825	0.170568
   1.88716	0.163826
   1.92607	0.156944
   1.96498	0.149993
   2.00389	0.143039
    2.0428	0.136141
   2.08171	0.129347
   2.12062	0.122698
   2.15953	0.116228
   2.19844	0.109962
   2.23735	0.103919
   2.27626	0.098106
   2.31518	0.0925359
   2.35409	0.0872085
     2.393	0.0821239
   2.43191	0.0772746
   2.47082	0.0726517
   2.50973	0.0682494
   2.54864	0.0640576
   2.58755	0.0600643
   2.62646	0.056259
   2.66537	0.0526321
   2.70428	0.0491725
   2.74319	0.0458733
    2.7821	0.0427277
   2.82101	0.0397271
   2.85992	0.0368694
   2.89883	0.0341476
   2.93774	0.0315582
   2.97665	0.0290964
   3.01556	0.0267617
   3.05447	0.0245509
   3.09339	0.0224625
    3.1323	0.0204937
   3.17121	0.0186444
   3.21012	0.016912
   3.24903	0.0152929
   3.28794	0.0137864
   3.32685	0.0123889
   3.36576	0.0110969
   3.40467	0.00990723
   3.44358	0.00881587
   3.48249	0.00781924
    3.5214	0.00691191
   3.56031	0.00608851
   3.59922	0.0053447
   3.63813	0.00467552
   3.67704	0.00407631
   3.71595	0.0035413
   3.75486	0.00306581
   3.79377	0.00264524
   3.83268	0.0022744
    3.8716	0.0019485
   3.91051	0.00166376
   3.94942	0.00141551
   3.98833	0.00120029
   4.02724	0.00101416
   4.06615	0.000854143
   4.10506	0.000716974
   4.14397	0.000599739
   4.18288	0.000499917
   4.22179	0.000415381
    4.2607	0.000344096
   4.29961	0.000284056
   4.33852	0.000233904
   4.37743	0.000192044
   4.41634	0.000157218
   4.45525	0.000128326
   4.49416	0.00010447
   4.53307	8.47179e-005
   4.57198	6.86134e-005
   4.61089	5.54226e-005
   4.64981	4.46786e-005
   4.68872	3.59212e-005
   4.72763	2.88202e-005
   4.76654	2.31293e-005
   4.80545	1.85642e-005
   4.84436	1.48923e-005
   4.88327	1.19414e-005
   4.92218	9.58132e-006
