        -5	1.09802e-005
  -4.96109	1.43367e-005
  -4.92218	1.85421e-005
  -4.88327	2.3716e-005
  -4.84436	3.00944e-005
  -4.80545	3.78664e-005
  -4.76654	4.72707e-005
  -4.72763	5.86204e-005
  -4.68872	7.22342e-005
  -4.64981	8.85334e-005
  -4.61089	0.000108049
  -4.57198	0.000131191
  -4.53307	0.000158769
  -4.49416	0.000191402
  -4.45525	0.000229925
  -4.41634	0.000275327
  -4.37743	0.0003286
  -4.33852	0.000391102
  -4.29961	0.00046408
   -4.2607	0.000549294
  -4.22179	0.000648364
  -4.18288	0.000763517
  -4.14397	0.000896894
  -4.10506	0.00105108
  -4.06615	0.00122901
  -4.02724	0.00143317
  -3.98833	0.001667
  -3.94942	0.00193507
  -3.91051	0.00224079
   -3.8716	0.00258829
  -3.83268	0.0029828
  -3.79377	0.00342858
  -3.75486	0.00393181
  -3.71595	0.00449742
  -3.67704	0.00513216
  -3.63813	0.0058414
  -3.59922	0.0066322
  -3.56031	0.00751004
   -3.5214	0.00848219
  -3.48249	0.00955396
  -3.44358	0.0107333
  -3.40467	0.0120252
  -3.36576	0.0134365
  -3.32685	0.0149724
  -3.28794	0.0166369
  -3.24903	0.0184361
  -3.21012	0.0203718
  -3.17121	0.0224474
   -3.1323	0.0246648
  -3.09339	0.0270241
  -3.05447	0.0295252
  -3.01556	0.0321656
  -2.97665	0.0349431
  -2.93774	0.0378528
  -2.89883	0.0408909
  -2.85992	0.0440499
  -2.82101	0.047324
   -2.7821	0.0507023
  -2.74319	0.0541767
  -2.70428	0.057737
  -2.66537	0.0613721
  -2.62646	0.0650719
  -2.58755	0.0688208
  -2.54864	0.0726118
  -2.50973	0.0764304
  -2.47082	0.0802655
  -2.43191	0.0841057
    -2.393	0.0879401
  -2.35409	0.091759
  -2.31518	0.0955515
  -2.27626	0.0993085
  -2.23735	0.103018
  -2.19844	0.10667
  -2.15953	0.110249
  -2.12062	0.113748
  -2.08171	0.117148
   -2.0428	0.120436
  -2.00389	0.123596
  -1.96498	0.1266
  -1.92607	0.12943
  -1.88716	0.132061
  -1.84825	0.134462
  -1.80934	0.136605
  -1.77043	0.138454
  -1.73152	0.139976
  -1.69261	0.141131
   -1.6537	0.141885
  -1.61479	0.142201
  -1.57588	0.142048
  -1.53696	0.141401
  -1.49805	0.14024
  -1.45914	0.138559
  -1.42023	0.136361
  -1.38132	0.13366
  -1.34241	0.130489
   -1.3035	0.126906
  -1.26459	0.122987
  -1.22568	0.118821
  -1.18677	0.114531
  -1.14786	0.110256
  -1.10895	0.106158
  -1.07004	0.102417
  -1.03113	0.0992278
 -0.992218	0.0967946
 -0.953307	0.0953297
 -0.914397	0.0950411
 -0.875486	0.0961343
 -0.836576	0.0987949
 -0.797665	0.103192
 -0.758755	0.109463
 -0.719844	0.117709
 -0.680934	0.127988
 -0.642023	0.140324
 -0.603113	0.154687
 -0.564202	0.170997
 -0.525292	0.189132
 -0.486381	0.208926
 -0.447471	0.230172
  -0.40856	0.252631
  -0.36965	0.276031
 -0.330739	0.300082
 -0.291829	0.324478
 -0.252918	0.348904
 -0.214008	0.37305
 -0.175097	0.396606
 -0.136187	0.419281
-0.0972763	0.440796
-0.0583658	0.460886
-0.0194553	0.479309
 0.0194553	0.495858
 0.0583658	0.510347
 0.0972763	0.522606
  0.136187	0.532503
  0.175097	0.539933
  0.214008	0.544813
  0.252918	0.547092
  0.291829	0.546739
  0.330739	0.543753
   0.36965	0.538155
   0.40856	0.529991
  0.447471	0.519338
  0.486381	0.506291
  0.525292	0.490983
  0.564202	0.473563
  0.603113	0.454206
  0.642023	0.433112
  0.680934	0.410504
  0.719844	0.386633
  0.758755	0.361758
  0.797665	0.336158
  0.836576	0.310133
  0.875486	0.283976
  0.914397	0.257999
  0.953307	0.232492
  0.992218	0.20775
   1.03113	0.184038
   1.07004	0.161606
   1.10895	0.14067
   1.14786	0.121411
   1.18677	0.103973
   1.22568	0.0884594
   1.26459	0.0749233
    1.3035	0.0633805
   1.34241	0.0537934
   1.38132	0.0460944
   1.42023	0.0401741
   1.45914	0.0358926
   1.49805	0.033088
   1.53696	0.0315771
   1.57588	0.0311678
   1.61479	0.0316613
    1.6537	0.0328617
   1.69261	0.0345783
   1.73152	0.0366329
   1.77043	0.038862
   1.80934	0.0411201
   1.84825	0.0432832
   1.88716	0.0452482
   1.92607	0.0469326
   1.96498	0.0482786
   2.00389	0.0492398
    2.0428	0.0497951
   2.08171	0.0499385
   2.12062	0.049674
   2.15953	0.0490229
   2.19844	0.0480108
   2.23735	0.0466739
   2.27626	0.0450508
   2.31518	0.0431857
   2.35409	0.0411227
     2.393	0.0389074
   2.43191	0.0365827
   2.47082	0.0341901
   2.50973	0.0317673
   2.54864	0.0293468
   2.58755	0.026961
   2.62646	0.0246343
   2.66537	0.0223896
   2.70428	0.0202417
   2.74319	0.0182057
    2.7821	0.0162918
   2.82101	0.014505
   2.85992	0.0128499
   2.89883	0.0113265
   2.93774	0.00993455
   2.97665	0.00867015
   3.01556	0.0075293
   3.05447	0.00650559
   3.09339	0.00559271
    3.1323	0.00478309
   3.17121	0.00406925
   3.21012	0.00344381
   3.24903	0.00289832
   3.28794	0.00242555
   3.32685	0.00201771
   3.36576	0.00166844
   3.40467	0.00137091
   3.44358	0.00111875
   3.48249	0.000906756
    3.5214	0.000729473
   3.56031	0.000582402
   3.59922	0.000461097
   3.63813	0.000361885
   3.67704	0.000281267
   3.71595	0.000216399
   3.75486	0.000164607
   3.79377	0.00012374
   3.83268	9.179e-005
    3.8716	6.71009e-005
   3.91051	4.82946e-005
   3.94942	3.40675e-005
   3.98833	2.35654e-005
   4.02724	1.59676e-005
   4.06615	1.05344e-005
   4.10506	6.76221e-006
   4.14397	4.20578e-006
   4.18288	2.51924e-006
   4.22179	1.45564e-006
    4.2607	8.05951e-007
   4.29961	4.35248e-007
   4.33852	2.32321e-007
   4.37743	1.31e-007
   4.41634	8.43288e-008
   4.45525	6.94051e-008
   4.49416	7.95298e-008
   4.53307	1.16606e-007
   4.57198	1.98297e-007
   4.61089	3.41924e-007
   4.64981	5.80658e-007
   4.68872	9.41347e-007
   4.72763	1.46204e-006
   4.76654	2.19395e-006
   4.80545	3.18373e-006
   4.84436	4.47924e-006
   4.88327	6.16161e-006
   4.92218	8.28483e-006
