        -5	1.2063e-006
  -4.96109	9.64742e-007
  -4.92218	7.805e-007
  -4.88327	6.37332e-007
  -4.84436	5.39761e-007
  -4.80545	4.72554e-007
  -4.76654	4.28799e-007
  -4.72763	4.06156e-007
  -4.68872	4.03491e-007
  -4.64981	4.1981e-007
  -4.61089	4.49584e-007
  -4.57198	5.0421e-007
  -4.53307	5.81402e-007
  -4.49416	6.81229e-007
  -4.45525	8.1649e-007
  -4.41634	9.86108e-007
  -4.37743	1.20126e-006
  -4.33852	1.45123e-006
  -4.29961	1.76146e-006
   -4.2607	2.1321e-006
  -4.22179	2.58741e-006
  -4.18288	3.12467e-006
  -4.14397	3.76654e-006
  -4.10506	4.51013e-006
  -4.06615	5.40517e-006
  -4.02724	6.46283e-006
  -3.98833	7.69911e-006
  -3.94942	9.12357e-006
  -3.91051	1.0785e-005
   -3.8716	1.27064e-005
  -3.83268	1.49129e-005
  -3.79377	1.74723e-005
  -3.75486	2.04554e-005
  -3.71595	2.39124e-005
  -3.67704	2.79493e-005
  -3.63813	3.26349e-005
  -3.59922	3.81669e-005
  -3.56031	4.4563e-005
   -3.5214	5.21282e-005
  -3.48249	6.1051e-005
  -3.44358	7.17353e-005
  -3.40467	8.4407e-005
  -3.36576	9.94965e-005
  -3.32685	0.000117532
  -3.28794	0.000139162
  -3.24903	0.000165096
  -3.21012	0.000196104
  -3.17121	0.000233382
   -3.1323	0.00027803
  -3.09339	0.000331229
  -3.05447	0.000394794
  -3.01556	0.000470252
  -2.97665	0.000559309
  -2.93774	0.000664367
  -2.89883	0.000787181
  -2.85992	0.00093033
  -2.82101	0.00109576
   -2.7821	0.00128644
  -2.74319	0.00150411
  -2.70428	0.00175072
  -2.66537	0.00202748
  -2.62646	0.00233581
  -2.58755	0.00267652
  -2.54864	0.00304889
  -2.50973	0.00345155
  -2.47082	0.00388169
  -2.43191	0.00433617
    -2.393	0.00480871
  -2.35409	0.00529254
  -2.31518	0.00578007
  -2.27626	0.00626009
  -2.23735	0.00672171
  -2.19844	0.00715327
  -2.15953	0.0075403
  -2.12062	0.0078704
  -2.08171	0.00812995
   -2.0428	0.00830828
  -2.00389	0.00839512
  -1.96498	0.00838571
  -1.92607	0.00828046
  -1.88716	0.00808579
  -1.84825	0.00781616
  -1.80934	0.00749511
  -1.77043	0.00715966
  -1.73152	0.00685819
  -1.69261	0.00665322
   -1.6537	0.00662349
  -1.61479	0.0068628
  -1.57588	0.00747984
  -1.53696	0.00859972
  -1.49805	0.0103597
  -1.45914	0.0129092
  -1.42023	0.0164085
  -1.38132	0.0210194
  -1.34241	0.0269085
   -1.3035	0.0342363
  -1.26459	0.0431545
  -1.22568	0.0537986
  -1.18677	0.0662841
  -1.14786	0.0807045
  -1.10895	0.0971184
  -1.07004	0.115552
  -1.03113	0.135987
 -0.992218	0.158375
 -0.953307	0.18262
 -0.914397	0.208587
 -0.875486	0.236104
 -0.836576	0.264964
 -0.797665	0.294923
 -0.758755	0.325714
 -0.719844	0.357044
 -0.680934	0.388602
 -0.642023	0.420076
 -0.603113	0.45113
 -0.564202	0.481444
 -0.525292	0.510697
 -0.486381	0.538565
 -0.447471	0.56474
  -0.40856	0.588921
  -0.36965	0.610836
 -0.330739	0.63022
 -0.291829	0.646826
 -0.252918	0.660416
 -0.214008	0.670786
 -0.175097	0.677759
 -0.136187	0.681167
-0.0972763	0.680882
-0.0583658	0.676796
-0.0194553	0.668847
 0.0194553	0.656987
 0.0583658	0.641236
 0.0972763	0.621643
  0.136187	0.598327
  0.175097	0.571451
  0.214008	0.541259
  0.252918	0.508062
  0.291829	0.472234
  0.330739	0.434227
   0.36965	0.394564
   0.40856	0.353847
  0.447471	0.312727
  0.486381	0.271901
  0.525292	0.232085
  0.564202	0.194012
  0.603113	0.158395
  0.642023	0.125896
  0.680934	0.0971052
  0.719844	0.0725157
  0.758755	0.0524998
  0.797665	0.0372885
  0.836576	0.0269687
  0.875486	0.0214756
  0.914397	0.0205957
  0.953307	0.0239835
  0.992218	0.031176
   1.03113	0.0416189
   1.07004	0.0546898
   1.10895	0.0697298
   1.14786	0.0860705
   1.18677	0.103055
   1.22568	0.120064
   1.26459	0.136537
    1.3035	0.151978
   1.34241	0.165968
   1.38132	0.178172
   1.42023	0.188345
   1.45914	0.196312
   1.49805	0.201978
   1.53696	0.20533
   1.57588	0.206401
   1.61479	0.205288
    1.6537	0.20214
   1.69261	0.197127
   1.73152	0.190462
   1.77043	0.18237
   1.80934	0.173097
   1.84825	0.16288
   1.88716	0.151962
   1.92607	0.140577
   1.96498	0.128952
   2.00389	0.117293
    2.0428	0.105785
   2.08171	0.0945915
   2.12062	0.0838509
   2.15953	0.0736826
   2.19844	0.0641716
   2.23735	0.0553846
   2.27626	0.0473657
   2.31518	0.0401313
   2.35409	0.0336843
     2.393	0.02801
   2.43191	0.023075
   2.47082	0.0188411
   2.50973	0.0152559
   2.54864	0.0122637
   2.58755	0.00980268
   2.62646	0.00781236
   2.66537	0.00623167
   2.70428	0.00500118
   2.74319	0.00406432
    2.7821	0.00336849
   2.82101	0.00286772
   2.85992	0.00251979
   2.89883	0.00228855
   2.93774	0.00214275
   2.97665	0.00205712
   3.01556	0.00201011
   3.05447	0.00198524
   3.09339	0.00196964
    3.1323	0.00195399
   3.17121	0.00193189
   3.21012	0.00189912
   3.24903	0.001854
   3.28794	0.00179617
   3.32685	0.00172565
   3.36576	0.00164404
   3.40467	0.00155294
   3.44358	0.00145505
   3.48249	0.00135227
    3.5214	0.00124707
   3.56031	0.00114082
   3.59922	0.00103592
   3.63813	0.000933735
   3.67704	0.000836007
   3.71595	0.000743102
   3.75486	0.000656256
   3.79377	0.000575932
   3.83268	0.000502075
    3.8716	0.000435103
   3.91051	0.000374869
   3.94942	0.000320904
   3.98833	0.000273207
   4.02724	0.000231242
   4.06615	0.00019468
   4.10506	0.000162967
   4.14397	0.000135738
   4.18288	0.000112503
   4.22179	9.27246e-005
    4.2607	7.60264e-005
   4.29961	6.20136e-005
   4.33852	5.03745e-005
   4.37743	4.07058e-005
   4.41634	3.2737e-005
   4.45525	2.62492e-005
   4.49416	2.0952e-005
   4.53307	1.66414e-005
   4.57198	1.3192e-005
   4.61089	1.04101e-005
   4.64981	8.20081e-006
   4.68872	6.46113e-006
   4.72763	5.06863e-006
   4.76654	3.98291e-006
   4.80545	3.13006e-006
   4.84436	2.44943e-006
   4.88327	1.92155e-006
   4.92218	1.51191e-006
