        -5	1.41403e-005
  -4.96109	1.41109e-005
  -4.92218	1.43659e-005
  -4.88327	1.48641e-005
  -4.84436	1.56259e-005
  -4.80545	1.66174e-005
  -4.76654	1.79463e-005
  -4.72763	1.95524e-005
  -4.68872	2.15084e-005
  -4.64981	2.39086e-005
  -4.61089	2.67342e-005
  -4.57198	3.00989e-005
  -4.53307	3.4073e-005
  -4.49416	3.88097e-005
  -4.45525	4.44073e-005
  -4.41634	5.10671e-005
  -4.37743	5.89428e-005
  -4.33852	6.82936e-005
  -4.29961	7.93799e-005
   -4.2607	9.25466e-005
  -4.22179	0.000108083
  -4.18288	0.000126398
  -4.14397	0.000147891
  -4.10506	0.000173288
  -4.06615	0.000203112
  -4.02724	0.000238058
  -3.98833	0.000278765
  -3.94942	0.000326123
  -3.91051	0.000380973
   -3.8716	0.000444329
  -3.83268	0.000517217
  -3.79377	0.000600814
  -3.75486	0.000696369
  -3.71595	0.000805171
  -3.67704	0.000928319
  -3.63813	0.00106753
  -3.59922	0.00122402
  -3.56031	0.00139984
   -3.5214	0.00159647
  -3.48249	0.00181558
  -3.44358	0.00205873
  -3.40467	0.00232807
  -3.36576	0.00262544
  -3.32685	0.00295317
  -3.28794	0.00331348
  -3.24903	0.00370903
  -3.21012	0.00414283
  -3.17121	0.00461805
   -3.1323	0.00513874
  -3.09339	0.00570773
  -3.05447	0.00633206
  -3.01556	0.00701704
  -2.97665	0.00776815
  -2.93774	0.00859376
  -2.89883	0.00950249
  -2.85992	0.0105044
  -2.82101	0.0116109
   -2.7821	0.0128342
  -2.74319	0.0141887
  -2.70428	0.0156889
  -2.66537	0.0173512
  -2.62646	0.0191922
  -2.58755	0.0212296
  -2.54864	0.0234818
  -2.50973	0.0259621
  -2.47082	0.028688
  -2.43191	0.0316762
    -2.393	0.0349358
  -2.35409	0.0384768
  -2.31518	0.0423027
  -2.27626	0.0464144
  -2.23735	0.0508055
  -2.19844	0.0554643
  -2.15953	0.0603722
  -2.12062	0.065503
  -2.08171	0.0708255
   -2.0428	0.0762979
  -2.00389	0.081873
  -1.96498	0.0875001
  -1.92607	0.0931211
  -1.88716	0.0986789
  -1.84825	0.104114
  -1.80934	0.109366
  -1.77043	0.11438
  -1.73152	0.119106
  -1.69261	0.123508
   -1.6537	0.127559
  -1.61479	0.131247
  -1.57588	0.134581
  -1.53696	0.137589
  -1.49805	0.140316
  -1.45914	0.142836
  -1.42023	0.145243
  -1.38132	0.147654
  -1.34241	0.150212
   -1.3035	0.153064
  -1.26459	0.156382
  -1.22568	0.160336
  -1.18677	0.16511
  -1.14786	0.170872
  -1.10895	0.177788
  -1.07004	0.185996
  -1.03113	0.195615
 -0.992218	0.206725
 -0.953307	0.219377
 -0.914397	0.233567
 -0.875486	0.249252
 -0.836576	0.266355
 -0.797665	0.284733
 -0.758755	0.304208
 -0.719844	0.324572
 -0.680934	0.345571
 -0.642023	0.366934
 -0.603113	0.388358
 -0.564202	0.409537
 -0.525292	0.430154
 -0.486381	0.449897
 -0.447471	0.46846
  -0.40856	0.485551
  -0.36965	0.500908
 -0.330739	0.514292
 -0.291829	0.525483
 -0.252918	0.534315
 -0.214008	0.540634
 -0.175097	0.544339
 -0.136187	0.545369
-0.0972763	0.543699
-0.0583658	0.539347
-0.0194553	0.532364
 0.0194553	0.52285
 0.0583658	0.510932
 0.0972763	0.496783
  0.136187	0.480598
  0.175097	0.462619
  0.214008	0.443101
  0.252918	0.422321
  0.291829	0.400579
  0.330739	0.378171
   0.36965	0.355411
   0.40856	0.332604
  0.447471	0.310045
  0.486381	0.288005
  0.525292	0.266738
  0.564202	0.246457
  0.603113	0.227351
  0.642023	0.209557
  0.680934	0.19318
  0.719844	0.178272
  0.758755	0.164857
  0.797665	0.152908
  0.836576	0.142363
  0.875486	0.133141
  0.914397	0.125126
  0.953307	0.118187
  0.992218	0.112183
   1.03113	0.106971
   1.07004	0.102407
   1.10895	0.098358
   1.14786	0.0947014
   1.18677	0.0913296
   1.22568	0.0881552
   1.26459	0.0851084
    1.3035	0.0821386
   1.34241	0.0792123
   1.38132	0.0763111
   1.42023	0.0734391
   1.45914	0.0706069
   1.49805	0.0678328
   1.53696	0.0651418
   1.57588	0.0625628
   1.61479	0.0601239
    1.6537	0.0578519
   1.69261	0.0557679
   1.73152	0.0538885
   1.77043	0.0522225
   1.80934	0.0507724
   1.84825	0.0495314
   1.88716	0.0484868
   1.92607	0.0476182
   1.96498	0.046907
   2.00389	0.0463228
    2.0428	0.0458339
   2.08171	0.0454089
   2.12062	0.045015
   2.15953	0.0446228
   2.19844	0.0442012
   2.23735	0.0437267
   2.27626	0.0431748
   2.31518	0.0425306
   2.35409	0.0417784
     2.393	0.0409141
   2.43191	0.0399288
   2.47082	0.0388256
   2.50973	0.037609
   2.54864	0.0362838
   2.58755	0.0348616
   2.62646	0.033356
   2.66537	0.0317806
   2.70428	0.0301505
   2.74319	0.0284822
    2.7821	0.0267912
   2.82101	0.0250941
   2.85992	0.023405
   2.89883	0.0217388
   2.93774	0.0201064
   2.97665	0.018522
   3.01556	0.0169933
   3.05447	0.0155278
   3.09339	0.0141345
    3.1323	0.0128159
   3.17121	0.011576
   3.21012	0.0104166
   3.24903	0.00933878
   3.28794	0.00834205
   3.32685	0.00742507
   3.36576	0.00658565
   3.40467	0.00582075
   3.44358	0.00512729
   3.48249	0.00450124
    3.5214	0.00393854
   3.56031	0.00343443
   3.59922	0.0029846
   3.63813	0.0025856
   3.67704	0.00223295
   3.71595	0.00192222
   3.75486	0.00164955
   3.79377	0.00141107
   3.83268	0.00120347
    3.8716	0.00102321
   3.91051	0.000867455
   3.94942	0.000733153
   3.98833	0.000617988
   4.02724	0.0005194
   4.06615	0.000435374
   4.10506	0.000363835
   4.14397	0.000303255
   4.18288	0.000252329
   4.22179	0.000209579
    4.2607	0.000173763
   4.29961	0.000143889
   4.33852	0.000119052
   4.37743	9.8517e-005
   4.41634	8.15584e-005
   4.45525	6.7647e-005
   4.49416	5.62355e-005
   4.53307	4.69622e-005
   4.57198	3.94249e-005
   4.61089	3.34077e-005
   4.64981	2.85188e-005
   4.68872	2.46562e-005
   4.72763	2.16314e-005
   4.76654	1.92238e-005
   4.80545	1.73955e-005
   4.84436	1.60312e-005
   4.88327	1.50756e-005
   4.92218	1.44488e-005
