        -5	2.12979e-009
  -4.96109	3.25628e-010
  -4.92218	1.59683e-009
  -4.88327	6.6412e-009
  -4.84436	1.52999e-008
  -4.80545	3.02134e-008
  -4.76654	5.09634e-008
  -4.72763	7.85402e-008
  -4.68872	1.15512e-007
  -4.64981	1.6103e-007
  -4.61089	2.25234e-007
  -4.57198	3.08078e-007
  -4.53307	4.13537e-007
  -4.49416	5.50321e-007
  -4.45525	7.32273e-007
  -4.41634	9.67316e-007
  -4.37743	1.28677e-006
  -4.33852	1.68174e-006
  -4.29961	2.19922e-006
   -4.2607	2.85117e-006
  -4.22179	3.69562e-006
  -4.18288	4.76815e-006
  -4.14397	6.14376e-006
  -4.10506	7.88946e-006
  -4.06615	1.01107e-005
  -4.02724	1.2917e-005
  -3.98833	1.64925e-005
  -3.94942	2.09917e-005
  -3.91051	2.66334e-005
   -3.8716	3.37177e-005
  -3.83268	4.26303e-005
  -3.79377	5.36958e-005
  -3.75486	6.74604e-005
  -3.71595	8.46357e-005
  -3.67704	0.000105903
  -3.63813	0.000132102
  -3.59922	0.000164405
  -3.56031	0.000203906
   -3.5214	0.000252466
  -3.48249	0.000311696
  -3.44358	0.000383991
  -3.40467	0.000471745
  -3.36576	0.000578001
  -3.32685	0.00070629
  -3.28794	0.000860626
  -3.24903	0.00104591
  -3.21012	0.00126748
  -3.17121	0.00153169
   -3.1323	0.00184567
  -3.09339	0.00221778
  -3.05447	0.00265707
  -3.01556	0.00317357
  -2.97665	0.0037799
  -2.93774	0.00448875
  -2.89883	0.00531418
  -2.85992	0.00627256
  -2.82101	0.00738143
   -2.7821	0.00865996
  -2.74319	0.0101291
  -2.70428	0.0118103
  -2.66537	0.013727
  -2.62646	0.0159057
  -2.58755	0.0183717
  -2.54864	0.021151
  -2.50973	0.0242733
  -2.47082	0.0277672
  -2.43191	0.0316597
    -2.393	0.0359797
  -2.35409	0.0407535
  -2.31518	0.0460077
  -2.27626	0.0517682
  -2.23735	0.0580549
  -2.19844	0.0648847
  -2.15953	0.0722769
  -2.12062	0.0802406
  -2.08171	0.0887803
   -2.0428	0.0978973
  -2.00389	0.107587
  -1.96498	0.117836
  -1.92607	0.128627
  -1.88716	0.139931
  -1.84825	0.151714
  -1.80934	0.163937
  -1.77043	0.176548
  -1.73152	0.189485
  -1.69261	0.202687
   -1.6537	0.216073
  -1.61479	0.229569
  -1.57588	0.243081
  -1.53696	0.256519
  -1.49805	0.269779
  -1.45914	0.282749
  -1.42023	0.295322
  -1.38132	0.307381
  -1.34241	0.318805
   -1.3035	0.329471
  -1.26459	0.339262
  -1.22568	0.348048
  -1.18677	0.355701
  -1.14786	0.362101
  -1.10895	0.367124
  -1.07004	0.370663
  -1.03113	0.372608
 -0.992218	0.372852
 -0.953307	0.371309
 -0.914397	0.367909
 -0.875486	0.362585
 -0.836576	0.355303
 -0.797665	0.346037
 -0.758755	0.334798
 -0.719844	0.321616
 -0.680934	0.306562
 -0.642023	0.289746
 -0.603113	0.271302
 -0.564202	0.251411
 -0.525292	0.230302
 -0.486381	0.208238
 -0.447471	0.18552
  -0.40856	0.162493
  -0.36965	0.139531
 -0.330739	0.117031
 -0.291829	0.0954065
 -0.252918	0.0750824
 -0.214008	0.0564715
 -0.175097	0.0399693
 -0.136187	0.0259398
-0.0972763	0.0147031
-0.0583658	0.00651876
-0.0194553	0.00158157
 0.0194553	1.02925e-005
 0.0583658	0.00184298
 0.0972763	0.00703653
  0.136187	0.0154672
  0.175097	0.0269363
  0.214008	0.0411785
  0.252918	0.057874
  0.291829	0.0766535
  0.330739	0.0971212
   0.36965	0.118861
   0.40856	0.141453
  0.447471	0.164481
  0.486381	0.187548
  0.525292	0.210286
  0.564202	0.232351
  0.603113	0.25344
  0.642023	0.273297
  0.680934	0.291698
  0.719844	0.308458
  0.758755	0.323446
  0.797665	0.336551
  0.836576	0.347718
  0.875486	0.356905
  0.914397	0.364114
  0.953307	0.369363
  0.992218	0.372686
   1.03113	0.374152
   1.07004	0.373839
   1.10895	0.37183
   1.14786	0.368229
   1.18677	0.36314
   1.22568	0.356681
   1.26459	0.348979
    1.3035	0.340149
   1.34241	0.330318
   1.38132	0.319609
   1.42023	0.308149
   1.45914	0.296054
   1.49805	0.283446
   1.53696	0.270445
   1.57588	0.257159
   1.61479	0.243699
    1.6537	0.230159
   1.69261	0.21664
   1.73152	0.203226
   1.77043	0.19
   1.80934	0.17704
   1.84825	0.164408
   1.88716	0.152163
   1.92607	0.140356
   1.96498	0.129029
   2.00389	0.118218
    2.0428	0.107947
   2.08171	0.0982358
   2.12062	0.0890968
   2.15953	0.0805388
   2.19844	0.0725564
   2.23735	0.065145
   2.27626	0.0582962
   2.31518	0.0519935
   2.35409	0.0462171
     2.393	0.0409464
   2.43191	0.0361559
   2.47082	0.0318215
   2.50973	0.0279159
   2.54864	0.0244091
   2.58755	0.0212734
   2.62646	0.0184822
   2.66537	0.0160056
   2.70428	0.0138165
   2.74319	0.0118896
    2.7821	0.0101997
   2.82101	0.008723
   2.85992	0.0074374
   2.89883	0.00632163
   2.93774	0.00535699
   2.97665	0.00452654
   3.01556	0.00381311
   3.05447	0.00320249
   3.09339	0.00268187
    3.1323	0.00223927
   3.17121	0.00186437
   3.21012	0.00154768
   3.24903	0.00128127
   3.28794	0.00105766
   3.32685	0.000870611
   3.36576	0.000714643
   3.40467	0.000584926
   3.44358	0.000477584
   3.48249	0.00038882
    3.5214	0.000315954
   3.56031	0.000255958
   3.59922	0.000206867
   3.63813	0.000166703
   3.67704	0.000133962
   3.71595	0.000107467
   3.75486	8.60135e-005
   3.79377	6.861e-005
   3.83268	5.46326e-005
    3.8716	4.34177e-005
   3.91051	3.44085e-005
   3.94942	2.7193e-005
   3.98833	2.14618e-005
   4.02724	1.68979e-005
   4.06615	1.32766e-005
   4.10506	1.04043e-005
   4.14397	8.1456e-006
   4.18288	6.35599e-006
   4.22179	4.95859e-006
    4.2607	3.84817e-006
   4.29961	2.98779e-006
   4.33852	2.29001e-006
   4.37743	1.75909e-006
   4.41634	1.34364e-006
   4.45525	1.02662e-006
   4.49416	7.81012e-007
   4.53307	5.89451e-007
   4.57198	4.39273e-007
   4.61089	3.29774e-007
   4.64981	2.42165e-007
   4.68872	1.75623e-007
   4.72763	1.2302e-007
   4.76654	8.15758e-008
   4.80545	5.28896e-008
   4.84436	3.14945e-008
   4.88327	1.75375e-008
   4.92218	7.95022e-009
