        -5	4.36533e-010
  -4.96109	1.8393e-009
  -4.92218	6.5347e-009
  -4.88327	1.52523e-008
  -4.84436	2.85015e-008
  -4.80545	4.68778e-008
  -4.76654	7.00161e-008
  -4.72763	9.9029e-008
  -4.68872	1.36913e-007
  -4.64981	1.91195e-007
  -4.61089	2.66195e-007
  -4.57198	3.61507e-007
  -4.53307	4.7769e-007
  -4.49416	6.36113e-007
  -4.45525	8.50401e-007
  -4.41634	1.11609e-006
  -4.37743	1.45702e-006
  -4.33852	1.91919e-006
  -4.29961	2.48535e-006
   -4.2607	3.23335e-006
  -4.22179	4.18749e-006
  -4.18288	5.39592e-006
  -4.14397	6.96037e-006
  -4.10506	8.92226e-006
  -4.06615	1.14443e-005
  -4.02724	1.46081e-005
  -3.98833	1.86349e-005
  -3.94942	2.36837e-005
  -3.91051	3.00564e-005
   -3.8716	3.80267e-005
  -3.83268	4.80173e-005
  -3.79377	6.04648e-005
  -3.75486	7.59701e-005
  -3.71595	9.51996e-005
  -3.67704	0.00011901
  -3.63813	0.00014839
  -3.59922	0.000184556
  -3.56031	0.000228939
   -3.5214	0.000283253
  -3.48249	0.000349532
  -3.44358	0.00043016
  -3.40467	0.000527975
  -3.36576	0.000646251
  -3.32685	0.000788879
  -3.28794	0.000960287
  -3.24903	0.00116571
  -3.21012	0.00141105
  -3.17121	0.00170324
   -3.1323	0.00204996
  -3.09339	0.00246022
  -3.05447	0.0029439
  -3.01556	0.00351242
  -2.97665	0.00417821
  -2.93774	0.0049555
  -2.89883	0.00585955
  -2.85992	0.00690767
  -2.82101	0.00811816
   -2.7821	0.00951157
  -2.74319	0.0111093
  -2.70428	0.0129349
  -2.66537	0.0150128
  -2.62646	0.0173693
  -2.58755	0.0200309
  -2.54864	0.0230263
  -2.50973	0.0263833
  -2.47082	0.0301312
  -2.43191	0.0342979
    -2.393	0.0389123
  -2.35409	0.0440002
  -2.31518	0.0495878
  -2.27626	0.055697
  -2.23735	0.062349
  -2.19844	0.0695591
  -2.15953	0.077341
  -2.12062	0.0857011
  -2.08171	0.094643
   -2.0428	0.104162
  -2.00389	0.114248
  -1.96498	0.124884
  -1.92607	0.136045
  -1.88716	0.147699
  -1.84825	0.159807
  -1.80934	0.172318
  -1.77043	0.185178
  -1.73152	0.198321
  -1.69261	0.211675
   -1.6537	0.22516
  -1.61479	0.238688
  -1.57588	0.252165
  -1.53696	0.26549
  -1.49805	0.278555
  -1.45914	0.291251
  -1.42023	0.303459
  -1.38132	0.31506
  -1.34241	0.325931
   -1.3035	0.335946
  -1.26459	0.34498
  -1.22568	0.352907
  -1.18677	0.359602
  -1.14786	0.364943
  -1.10895	0.368815
  -1.07004	0.371104
  -1.03113	0.37171
 -0.992218	0.370538
 -0.953307	0.367509
 -0.914397	0.362561
 -0.875486	0.355643
 -0.836576	0.346742
 -0.797665	0.335845
 -0.758755	0.322999
 -0.719844	0.308252
 -0.680934	0.291708
 -0.642023	0.27351
 -0.603113	0.25382
 -0.564202	0.232865
 -0.525292	0.210911
 -0.486381	0.188251
 -0.447471	0.16522
  -0.40856	0.142201
  -0.36965	0.119592
 -0.330739	0.0978082
 -0.291829	0.0772714
 -0.252918	0.0584039
 -0.214008	0.0416096
 -0.175097	0.0272636
 -0.136187	0.0156936
-0.0972763	0.00717213
-0.0583658	0.00190285
-0.0194553	1.50962e-005
 0.0194553	0.00155709
 0.0583658	0.00649461
 0.0972763	0.0147129
  0.136187	0.0260201
  0.175097	0.0401567
  0.214008	0.0568017
  0.252918	0.0755888
  0.291829	0.0961155
  0.330739	0.117966
   0.36965	0.140717
   0.40856	0.16395
  0.447471	0.187253
  0.486381	0.210248
  0.525292	0.232597
  0.564202	0.253988
  0.603113	0.274142
  0.642023	0.292847
  0.680934	0.309912
  0.719844	0.325185
  0.758755	0.338577
  0.797665	0.35
  0.836576	0.359434
  0.875486	0.36686
  0.914397	0.372304
  0.953307	0.375802
  0.992218	0.377417
   1.03113	0.377225
   1.07004	0.375314
   1.10895	0.371788
   1.14786	0.366753
   1.18677	0.360327
   1.22568	0.352629
   1.26459	0.343784
    1.3035	0.333916
   1.34241	0.323151
   1.38132	0.311615
   1.42023	0.299432
   1.45914	0.286722
   1.49805	0.273603
   1.53696	0.260188
   1.57588	0.246587
   1.61479	0.232902
    1.6537	0.21923
   1.69261	0.205661
   1.73152	0.192277
   1.77043	0.179157
   1.80934	0.166364
   1.84825	0.153961
   1.88716	0.141999
   1.92607	0.130521
   1.96498	0.119562
   2.00389	0.10915
    2.0428	0.0993059
   2.08171	0.0900423
   2.12062	0.0813644
   2.15953	0.0732737
   2.19844	0.0657629
   2.23735	0.0588229
   2.27626	0.052437
   2.31518	0.0465876
   2.35409	0.0412515
     2.393	0.0364051
   2.43191	0.032021
   2.47082	0.0280721
   2.50973	0.024529
   2.54864	0.0213635
   2.58755	0.0185458
   2.62646	0.0160481
   2.66537	0.0138421
   2.70428	0.0119017
   2.74319	0.0102009
    2.7821	0.00871599
   2.82101	0.00742398
   2.85992	0.0063042
   2.89883	0.00533687
   2.93774	0.00450443
   2.97665	0.00379034
   3.01556	0.00318007
   3.05447	0.00266012
   3.09339	0.00221875
    3.1323	0.0018452
   3.17121	0.00153018
   3.21012	0.00126529
   3.24903	0.00104334
   3.28794	0.000857884
   3.32685	0.000703454
   3.36576	0.000575222
   3.40467	0.00046909
   3.44358	0.000381499
   3.48249	0.000309432
    3.5214	0.000250313
   3.56031	0.00020195
   3.59922	0.000162513
   3.63813	0.00013043
   3.67704	0.000104423
   3.71595	8.33788e-005
   3.75486	6.64222e-005
   3.79377	5.27683e-005
   3.83268	4.18353e-005
    3.8716	3.30693e-005
   3.91051	2.60978e-005
   3.94942	2.05255e-005
   3.98833	1.61286e-005
   4.02724	1.26194e-005
   4.06615	9.875e-006
   4.10506	7.68695e-006
   4.14397	5.98516e-006
   4.18288	4.64236e-006
   4.22179	3.58373e-006
    4.2607	2.77737e-006
   4.29961	2.12321e-006
   4.33852	1.62974e-006
   4.37743	1.24936e-006
   4.41634	9.41213e-007
   4.45525	7.08116e-007
   4.49416	5.36489e-007
   4.53307	3.99339e-007
   4.57198	2.89262e-007
   4.61089	2.0688e-007
   4.64981	1.48496e-007
   4.68872	1.05931e-007
   4.72763	7.3515e-008
   4.76654	4.82641e-008
   4.80545	2.9336e-008
   4.84436	1.5849e-008
   4.88327	7.07592e-009
   4.92218	2.12596e-009
