        -5	4.65196e-008
  -4.96109	4.61696e-008
  -4.92218	5.09248e-008
  -4.88327	5.64156e-008
  -4.84436	6.7077e-008
  -4.80545	8.15544e-008
  -4.76654	9.95148e-008
  -4.72763	1.26092e-007
  -4.68872	1.61588e-007
  -4.64981	2.07432e-007
  -4.61089	2.68309e-007
  -4.57198	3.4448e-007
  -4.53307	4.40672e-007
  -4.49416	5.65347e-007
  -4.45525	7.33164e-007
  -4.41634	9.44934e-007
  -4.37743	1.21194e-006
  -4.33852	1.55127e-006
  -4.29961	1.98535e-006
   -4.2607	2.53055e-006
  -4.22179	3.23116e-006
  -4.18288	4.12549e-006
  -4.14397	5.25461e-006
  -4.10506	6.67476e-006
  -4.06615	8.4439e-006
  -4.02724	1.06791e-005
  -3.98833	1.34975e-005
  -3.94942	1.70278e-005
  -3.91051	2.14524e-005
   -3.8716	2.69438e-005
  -3.83268	3.38296e-005
  -3.79377	4.24117e-005
  -3.75486	5.30322e-005
  -3.71595	6.60893e-005
  -3.67704	8.22598e-005
  -3.63813	0.000102099
  -3.59922	0.000126491
  -3.56031	0.000156247
   -3.5214	0.000192581
  -3.48249	0.000236896
  -3.44358	0.000290812
  -3.40467	0.000356288
  -3.36576	0.00043541
  -3.32685	0.000530802
  -3.28794	0.00064566
  -3.24903	0.000783447
  -3.21012	0.000948406
  -3.17121	0.00114549
   -3.1323	0.00138017
  -3.09339	0.00165851
  -3.05447	0.00198769
  -3.01556	0.00237633
  -2.97665	0.00283369
  -2.93774	0.00337013
  -2.89883	0.00399755
  -2.85992	0.00472886
  -2.82101	0.00557805
   -2.7821	0.00656217
  -2.74319	0.00769786
  -2.70428	0.0090048
  -2.66537	0.0105046
  -2.62646	0.012218
  -2.58755	0.0141701
  -2.54864	0.0163854
  -2.50973	0.018892
  -2.47082	0.0217146
  -2.43191	0.024885
    -2.393	0.0284299
  -2.35409	0.0323809
  -2.31518	0.0367681
  -2.27626	0.04162
  -2.23735	0.0469647
  -2.19844	0.0528298
  -2.15953	0.059239
  -2.12062	0.0662136
  -2.08171	0.0737754
   -2.0428	0.0819406
  -2.00389	0.0907152
  -1.96498	0.100109
  -1.92607	0.110123
  -1.88716	0.120751
  -1.84825	0.131979
  -1.80934	0.143792
  -1.77043	0.156165
  -1.73152	0.169064
  -1.69261	0.182444
   -1.6537	0.196265
  -1.61479	0.210469
  -1.57588	0.224993
  -1.53696	0.239768
  -1.49805	0.25472
  -1.45914	0.269759
  -1.42023	0.284801
  -1.38132	0.299752
  -1.34241	0.314508
   -1.3035	0.328976
  -1.26459	0.343038
  -1.22568	0.356588
  -1.18677	0.369507
  -1.14786	0.381685
  -1.10895	0.392995
  -1.07004	0.403324
  -1.03113	0.412557
 -0.992218	0.420565
 -0.953307	0.427244
 -0.914397	0.432477
 -0.875486	0.436155
 -0.836576	0.438174
 -0.797665	0.438434
 -0.758755	0.436849
 -0.719844	0.433348
 -0.680934	0.427867
 -0.642023	0.420362
 -0.603113	0.4108
 -0.564202	0.39918
 -0.525292	0.385522
 -0.486381	0.369877
 -0.447471	0.352333
  -0.40856	0.333005
  -0.36965	0.312043
 -0.330739	0.289651
 -0.291829	0.266055
 -0.252918	0.241534
 -0.214008	0.216404
 -0.175097	0.191011
 -0.136187	0.165733
-0.0972763	0.140968
-0.0583658	0.117135
-0.0194553	0.0946441
 0.0194553	0.0739041
 0.0583658	0.0552947
 0.0972763	0.0391701
  0.136187	0.025831
  0.175097	0.0155217
  0.214008	0.00841638
  0.252918	0.00461572
  0.291829	0.00414067
  0.330739	0.00693225
   0.36965	0.0128532
   0.40856	0.0216944
  0.447471	0.0331863
  0.486381	0.0470036
  0.525292	0.0627825
  0.564202	0.0801295
  0.603113	0.0986372
  0.642023	0.117902
  0.680934	0.137519
  0.719844	0.157113
  0.758755	0.176332
  0.797665	0.194853
  0.836576	0.212396
  0.875486	0.228722
  0.914397	0.243634
  0.953307	0.256972
  0.992218	0.268616
   1.03113	0.278491
   1.07004	0.286553
   1.10895	0.292782
   1.14786	0.297194
   1.18677	0.299828
   1.22568	0.300741
   1.26459	0.300015
    1.3035	0.29774
   1.34241	0.294015
   1.38132	0.288955
   1.42023	0.282687
   1.45914	0.275328
   1.49805	0.267006
   1.53696	0.257851
   1.57588	0.24799
   1.61479	0.237551
    1.6537	0.226651
   1.69261	0.215407
   1.73152	0.203934
   1.77043	0.192333
   1.80934	0.180711
   1.84825	0.169155
   1.88716	0.157748
   1.92607	0.146565
   1.96498	0.135671
   2.00389	0.125125
    2.0428	0.114978
   2.08171	0.105267
   2.12062	0.09603
   2.15953	0.0872836
   2.19844	0.0790475
   2.23735	0.0713302
   2.27626	0.0641363
   2.31518	0.057462
   2.35409	0.0512976
     2.393	0.045632
   2.43191	0.0404502
   2.47082	0.0357322
   2.50973	0.0314534
   2.54864	0.0275916
   2.58755	0.0241198
   2.62646	0.0210137
   2.66537	0.0182447
   2.70428	0.0157864
   2.74319	0.0136129
    2.7821	0.0116991
   2.82101	0.0100215
   2.85992	0.00855624
   2.89883	0.00728112
   2.93774	0.0061761
   2.97665	0.00522188
   3.01556	0.00440078
   3.05447	0.00369686
   3.09339	0.00309642
    3.1323	0.00258527
   3.17121	0.00215169
   3.21012	0.00178534
   3.24903	0.00147692
   3.28794	0.001218
   3.32685	0.0010015
   3.36576	0.000821174
   3.40467	0.000671298
   3.44358	0.000547125
   3.48249	0.00044447
    3.5214	0.000360019
   3.56031	0.000290842
   3.59922	0.000234253
   3.63813	0.000188178
   3.67704	0.000150668
   3.71595	0.00012038
   3.75486	9.59509e-005
   3.79377	7.63015e-005
   3.83268	6.04352e-005
    3.8716	4.77757e-005
   3.91051	3.76547e-005
   3.94942	2.96099e-005
   3.98833	2.32003e-005
   4.02724	1.81149e-005
   4.06615	1.41316e-005
   4.10506	1.09846e-005
   4.14397	8.53076e-006
   4.18288	6.61305e-006
   4.22179	5.09889e-006
    4.2607	3.92354e-006
   4.29961	3.00858e-006
   4.33852	2.3018e-006
   4.37743	1.76591e-006
   4.41634	1.3472e-006
   4.45525	1.02681e-006
   4.49416	7.77283e-007
   4.53307	5.83791e-007
   4.57198	4.41427e-007
   4.61089	3.33436e-007
   4.64981	2.53048e-007
   4.68872	1.91855e-007
   4.72763	1.44542e-007
   4.76654	1.12185e-007
   4.80545	8.82642e-008
   4.84436	6.8444e-008
   4.88327	5.72116e-008
   4.92218	4.95007e-008
