        -5	3.58516e-006
  -4.96109	4.05796e-006
  -4.92218	4.61509e-006
  -4.88327	5.33348e-006
  -4.84436	6.184e-006
  -4.80545	7.24184e-006
  -4.76654	8.53393e-006
  -4.72763	1.01483e-005
  -4.68872	1.21589e-005
  -4.64981	1.46069e-005
  -4.61089	1.76076e-005
  -4.57198	2.13187e-005
  -4.53307	2.58183e-005
  -4.49416	3.13218e-005
  -4.45525	3.80577e-005
  -4.41634	4.61822e-005
  -4.37743	5.59309e-005
  -4.33852	6.76517e-005
  -4.29961	8.16925e-005
   -4.2607	9.85307e-005
  -4.22179	0.000118456
  -4.18288	0.00014207
  -4.14397	0.000170027
  -4.10506	0.000202875
  -4.06615	0.000241534
  -4.02724	0.000286812
  -3.98833	0.000339723
  -3.94942	0.000401061
  -3.91051	0.000472423
   -3.8716	0.000554921
  -3.83268	0.000650449
  -3.79377	0.000760414
  -3.75486	0.000886988
  -3.71595	0.0010321
  -3.67704	0.00119839
  -3.63813	0.0013881
  -3.59922	0.00160385
  -3.56031	0.0018488
   -3.5214	0.0021255
  -3.48249	0.00243728
  -3.44358	0.00278668
  -3.40467	0.00317654
  -3.36576	0.00361039
  -3.32685	0.00408963
  -3.28794	0.00461629
  -3.24903	0.00519175
  -3.21012	0.00581564
  -3.17121	0.00648657
   -3.1323	0.00720364
  -3.09339	0.00796333
  -3.05447	0.0087601
  -3.01556	0.00958739
  -2.97665	0.010436
  -2.93774	0.0112972
  -2.89883	0.0121579
  -2.85992	0.0130055
  -2.82101	0.0138243
   -2.7821	0.0146004
  -2.74319	0.0153182
  -2.70428	0.0159622
  -2.66537	0.0165202
  -2.62646	0.0169798
  -2.58755	0.0173349
  -2.54864	0.0175814
  -2.50973	0.0177192
  -2.47082	0.017759
  -2.43191	0.017715
    -2.393	0.0176113
  -2.35409	0.0174801
  -2.31518	0.0173628
  -2.27626	0.0173069
  -2.23735	0.0173689
  -2.19844	0.0176128
  -2.15953	0.0181049
  -2.12062	0.0189172
  -2.08171	0.0201213
   -2.0428	0.0217836
  -2.00389	0.0239675
  -1.96498	0.0267252
  -1.92607	0.0300956
  -1.88716	0.0341021
  -1.84825	0.0387516
  -1.80934	0.0440285
  -1.77043	0.049893
  -1.73152	0.0562874
  -1.69261	0.0631248
   -1.6537	0.0703004
  -1.61479	0.077693
  -1.57588	0.0851636
  -1.53696	0.0925643
  -1.49805	0.0997475
  -1.45914	0.106564
  -1.42023	0.11287
  -1.38132	0.118544
  -1.34241	0.123487
   -1.3035	0.127625
  -1.26459	0.130929
  -1.22568	0.133405
  -1.18677	0.135104
  -1.14786	0.136126
  -1.10895	0.136617
  -1.07004	0.136764
  -1.03113	0.136798
 -0.992218	0.13699
 -0.953307	0.13763
 -0.914397	0.139023
 -0.875486	0.141484
 -0.836576	0.145309
 -0.797665	0.150775
 -0.758755	0.158124
 -0.719844	0.167546
 -0.680934	0.179173
 -0.642023	0.193071
 -0.603113	0.209233
 -0.564202	0.227569
 -0.525292	0.247925
 -0.486381	0.270071
 -0.447471	0.293712
  -0.40856	0.318516
  -0.36965	0.344096
 -0.330739	0.370034
 -0.291829	0.395909
 -0.252918	0.421279
 -0.214008	0.445724
 -0.175097	0.468829
 -0.136187	0.490226
-0.0972763	0.509559
-0.0583658	0.526532
-0.0194553	0.54089
 0.0194553	0.552408
 0.0583658	0.56093
 0.0972763	0.566348
  0.136187	0.568597
  0.175097	0.567675
  0.214008	0.563616
  0.252918	0.556518
  0.291829	0.546502
  0.330739	0.533755
   0.36965	0.518489
   0.40856	0.500958
  0.447471	0.481463
  0.486381	0.460319
  0.525292	0.437865
  0.564202	0.414466
  0.603113	0.390485
  0.642023	0.366299
  0.680934	0.342264
  0.719844	0.318738
  0.758755	0.296041
  0.797665	0.274472
  0.836576	0.254284
  0.875486	0.235678
  0.914397	0.218815
  0.953307	0.203798
  0.992218	0.190674
   1.03113	0.17944
   1.07004	0.170038
   1.10895	0.16237
   1.14786	0.15629
   1.18677	0.151627
   1.22568	0.14818
   1.26459	0.145734
    1.3035	0.144078
   1.34241	0.142985
   1.38132	0.142248
   1.42023	0.141668
   1.45914	0.14107
   1.49805	0.140299
   1.53696	0.139225
   1.57588	0.137749
   1.61479	0.135796
    1.6537	0.133321
   1.69261	0.130302
   1.73152	0.126733
   1.77043	0.122639
   1.80934	0.118056
   1.84825	0.113038
   1.88716	0.107643
   1.92607	0.101941
   1.96498	0.0960087
   2.00389	0.0899212
    2.0428	0.083754
   2.08171	0.0775787
   2.12062	0.0714629
   2.15953	0.0654714
   2.19844	0.0596575
   2.23735	0.0540689
   2.27626	0.0487428
   2.31518	0.0437135
   2.35409	0.0390044
     2.393	0.0346278
   2.43191	0.0305923
   2.47082	0.0269003
   2.50973	0.0235454
   2.54864	0.0205198
   2.58755	0.0178105
   2.62646	0.0153997
   2.66537	0.0132695
   2.70428	0.0113989
   2.74319	0.0097659
    2.7821	0.00834803
   2.82101	0.00712395
   2.85992	0.00607265
   2.89883	0.0051733
   2.93774	0.00440817
   2.97665	0.0037587
   3.01556	0.00320858
   3.05447	0.00274386
   3.09339	0.00235145
    3.1323	0.00202038
   3.17121	0.00174016
   3.21012	0.00150251
   3.24903	0.00130065
   3.28794	0.00112819
   3.32685	0.000980264
   3.36576	0.000852604
   3.40467	0.000741874
   3.44358	0.000645279
   3.48249	0.00056075
    3.5214	0.000486204
   3.56031	0.000420405
   3.59922	0.000362248
   3.63813	0.000311035
   3.67704	0.000265684
   3.71595	0.000225805
   3.75486	0.00019077
   3.79377	0.000160007
   3.83268	0.000133229
    3.8716	0.000110133
   3.91051	9.02151e-005
   3.94942	7.32367e-005
   3.98833	5.87711e-005
   4.02724	4.67198e-005
   4.06615	3.67028e-005
   4.10506	2.84549e-005
   4.14397	2.17574e-005
   4.18288	1.64014e-005
   4.22179	1.21405e-005
    4.2607	8.85163e-006
   4.29961	6.34962e-006
   4.33852	4.49022e-006
   4.37743	3.1667e-006
   4.41634	2.25613e-006
   4.45525	1.67808e-006
   4.49416	1.33412e-006
   4.53307	1.18272e-006
   4.57198	1.15528e-006
   4.61089	1.22497e-006
   4.64981	1.36754e-006
   4.68872	1.55311e-006
   4.72763	1.76082e-006
   4.76654	1.99841e-006
   4.80545	2.25141e-006
   4.84436	2.54661e-006
   4.88327	2.84505e-006
   4.92218	3.18999e-006
