        -5	6.04487e-007
  -4.96109	3.12045e-007
  -4.92218	1.71243e-007
  -4.88327	1.67357e-007
  -4.84436	2.98058e-007
  -4.80545	5.65088e-007
  -4.76654	9.64679e-007
  -4.72763	1.49244e-006
  -4.68872	2.14739e-006
  -4.64981	2.94179e-006
  -4.61089	3.85482e-006
  -4.57198	4.89547e-006
  -4.53307	6.08499e-006
  -4.49416	7.40624e-006
  -4.45525	8.88419e-006
  -4.41634	1.05074e-005
  -4.37743	1.23089e-005
  -4.33852	1.43311e-005
  -4.29961	1.66131e-005
   -4.2607	1.91548e-005
  -4.22179	2.20768e-005
  -4.18288	2.53647e-005
  -4.14397	2.91815e-005
  -4.10506	3.35876e-005
  -4.06615	3.8688e-005
  -4.02724	4.47413e-005
  -3.98833	5.19036e-005
  -3.94942	6.04435e-005
  -3.91051	7.0503e-005
   -3.8716	8.25994e-005
  -3.83268	9.69872e-005
  -3.79377	0.000114141
  -3.75486	0.000134615
  -3.71595	0.000159162
  -3.67704	0.000188464
  -3.63813	0.000223354
  -3.59922	0.000264857
  -3.56031	0.00031407
   -3.5214	0.000372295
  -3.48249	0.000441344
  -3.44358	0.000522513
  -3.40467	0.000618017
  -3.36576	0.000730003
  -3.32685	0.000860841
  -3.28794	0.00101347
  -3.24903	0.00119125
  -3.21012	0.00139696
  -3.17121	0.00163532
   -3.1323	0.00190993
  -3.09339	0.00222617
  -3.05447	0.00258925
  -3.01556	0.00300446
  -2.97665	0.00347799
  -2.93774	0.00401666
  -2.89883	0.00462854
  -2.85992	0.00532046
  -2.82101	0.00610131
   -2.7821	0.00698056
  -2.74319	0.00796745
  -2.70428	0.00907096
  -2.66537	0.0103015
  -2.62646	0.0116705
  -2.58755	0.0131871
  -2.54864	0.0148621
  -2.50973	0.0167068
  -2.47082	0.0187304
  -2.43191	0.0209414
    -2.393	0.0233462
  -2.35409	0.025951
  -2.31518	0.0287577
  -2.27626	0.0317696
  -2.23735	0.0349815
  -2.19844	0.0383856
  -2.15953	0.0419706
  -2.12062	0.0457192
  -2.08171	0.0496092
   -2.0428	0.0536121
  -2.00389	0.0576882
  -1.96498	0.0617952
  -1.92607	0.065881
  -1.88716	0.0698923
  -1.84825	0.0737603
  -1.80934	0.0774176
  -1.77043	0.0807922
  -1.73152	0.0838067
  -1.69261	0.0863826
   -1.6537	0.0884444
  -1.61479	0.0899228
  -1.57588	0.0907512
  -1.53696	0.0908762
  -1.49805	0.0902612
  -1.45914	0.0888883
  -1.42023	0.0867568
  -1.38132	0.0838971
  -1.34241	0.0803709
   -1.3035	0.0762657
  -1.26459	0.0717093
  -1.22568	0.0668635
  -1.18677	0.0619261
  -1.14786	0.057127
  -1.10895	0.0527254
  -1.07004	0.0490042
  -1.03113	0.0462653
 -0.992218	0.0448224
 -0.953307	0.0449858
 -0.914397	0.0470542
 -0.875486	0.0513042
 -0.836576	0.0579759
 -0.797665	0.0672696
 -0.758755	0.0793255
 -0.719844	0.0942264
 -0.680934	0.111979
 -0.642023	0.132527
 -0.603113	0.155743
 -0.564202	0.181427
 -0.525292	0.20932
 -0.486381	0.239113
 -0.447471	0.270451
  -0.40856	0.302937
  -0.36965	0.336156
 -0.330739	0.369688
 -0.291829	0.403093
 -0.252918	0.435952
 -0.214008	0.467856
 -0.175097	0.498429
 -0.136187	0.527306
-0.0972763	0.554168
-0.0583658	0.57871
-0.0194553	0.60067
 0.0194553	0.619829
 0.0583658	0.635993
 0.0972763	0.648995
  0.136187	0.658709
  0.175097	0.665024
  0.214008	0.667883
  0.252918	0.66724
  0.291829	0.663091
  0.330739	0.655438
   0.36965	0.644335
   0.40856	0.629865
  0.447471	0.61213
  0.486381	0.591277
  0.525292	0.567495
  0.564202	0.541009
  0.603113	0.512078
  0.642023	0.481005
  0.680934	0.448144
  0.719844	0.413869
  0.758755	0.378599
  0.797665	0.342779
  0.836576	0.306891
  0.875486	0.271405
  0.914397	0.236816
  0.953307	0.203595
  0.992218	0.172192
   1.03113	0.143023
   1.07004	0.116451
   1.10895	0.0927745
   1.14786	0.0722252
   1.18677	0.0549452
   1.22568	0.0409985
   1.26459	0.0303639
    1.3035	0.0229337
   1.34241	0.0185283
   1.38132	0.016899
   1.42023	0.0177457
   1.45914	0.0207242
   1.49805	0.0254643
   1.53696	0.0315829
   1.57588	0.0386982
   1.61479	0.04644
    1.6537	0.054462
   1.69261	0.0624517
   1.73152	0.070132
   1.77043	0.0772672
   1.80934	0.0836676
   1.84825	0.0891902
   1.88716	0.0937271
   1.92607	0.0972185
   1.96498	0.0996393
   2.00389	0.100996
    2.0428	0.101321
   2.08171	0.100671
   2.12062	0.0991235
   2.15953	0.0967691
   2.19844	0.0937095
   2.23735	0.0900487
   2.27626	0.0858913
   2.31518	0.0813475
   2.35409	0.0765185
     2.393	0.0715046
   2.43191	0.066392
   2.47082	0.0612626
   2.50973	0.0561872
   2.54864	0.0512282
   2.58755	0.0464399
   2.62646	0.0418605
   2.66537	0.0375255
   2.70428	0.033459
   2.74319	0.0296756
    2.7821	0.0261824
   2.82101	0.0229823
   2.85992	0.0200734
   2.89883	0.0174456
   2.93774	0.0150891
   2.97665	0.01299
   3.01556	0.0111321
   3.05447	0.00949691
   3.09339	0.00806642
    3.1323	0.00682234
   3.17121	0.00574611
   3.21012	0.00482129
   3.24903	0.00403
   3.28794	0.00335629
   3.32685	0.00278595
   3.36576	0.00230535
   3.40467	0.00190242
   3.44358	0.00156649
   3.48249	0.00128696
    3.5214	0.00105563
   3.56031	0.000864871
   3.59922	0.00070837
   3.63813	0.000580211
   3.67704	0.000475556
   3.71595	0.000390465
   3.75486	0.000321358
   3.79377	0.000265398
   3.83268	0.000220122
    3.8716	0.000183525
   3.91051	0.000153944
   3.94942	0.000129905
   3.98833	0.00011036
   4.02724	9.44025e-005
   4.06615	8.12352e-005
   4.10506	7.03043e-005
   4.14397	6.11936e-005
   4.18288	5.3449e-005
   4.22179	4.67783e-005
    4.2607	4.09986e-005
   4.29961	3.59759e-005
   4.33852	3.15465e-005
   4.37743	2.7621e-005
   4.41634	2.40755e-005
   4.45525	2.08557e-005
   4.49416	1.79665e-005
   4.53307	1.53602e-005
   4.57198	1.30052e-005
   4.61089	1.08655e-005
   4.64981	8.94066e-006
   4.68872	7.24399e-006
   4.72763	5.74286e-006
   4.76654	4.45265e-006
   4.80545	3.33995e-006
   4.84436	2.40598e-006
   4.88327	1.65255e-006
   4.92218	1.04842e-006
