        -5	1.11881e-006
  -4.96109	6.15959e-007
  -4.92218	3.05523e-007
  -4.88327	1.61241e-007
  -4.84436	1.60013e-007
  -4.80545	2.84648e-007
  -4.76654	5.13303e-007
  -4.72763	8.29051e-007
  -4.68872	1.22791e-006
  -4.64981	1.68679e-006
  -4.61089	2.19463e-006
  -4.57198	2.72017e-006
  -4.53307	3.2583e-006
  -4.49416	3.7842e-006
  -4.45525	4.29562e-006
  -4.41634	4.77537e-006
  -4.37743	5.23049e-006
  -4.33852	5.66808e-006
  -4.29961	6.07472e-006
   -4.2607	6.53068e-006
  -4.22179	7.08214e-006
  -4.18288	7.85106e-006
  -4.14397	9.03403e-006
  -4.10506	1.08228e-005
  -4.06615	1.35466e-005
  -4.02724	1.76798e-005
  -3.98833	2.37934e-005
  -3.94942	3.26362e-005
  -3.91051	4.51803e-005
   -3.8716	6.26569e-005
  -3.83268	8.66492e-005
  -3.79377	0.000119011
  -3.75486	0.000161977
  -3.71595	0.000218675
  -3.67704	0.000292363
  -3.63813	0.000387242
  -3.59922	0.000508338
  -3.56031	0.000661297
   -3.5214	0.000853029
  -3.48249	0.00109172
  -3.44358	0.00138631
  -3.40467	0.00174754
  -3.36576	0.0021868
  -3.32685	0.00271838
  -3.28794	0.0033564
  -3.24903	0.00411842
  -3.21012	0.00502278
  -3.17121	0.0060893
   -3.1323	0.00734047
  -3.09339	0.0087994
  -3.05447	0.0104912
  -3.01556	0.012441
  -2.97665	0.0146769
  -2.93774	0.0172274
  -2.89883	0.0201193
  -2.85992	0.0233831
  -2.82101	0.0270442
   -2.7821	0.0311295
  -2.74319	0.035666
  -2.70428	0.0406756
  -2.66537	0.0461764
  -2.62646	0.0521859
  -2.58755	0.0587155
  -2.54864	0.065772
  -2.50973	0.0733553
  -2.47082	0.081459
  -2.43191	0.0900751
    -2.393	0.0991835
  -2.35409	0.108754
  -2.31518	0.11876
  -2.27626	0.129156
  -2.23735	0.139894
  -2.19844	0.150917
  -2.15953	0.162162
  -2.12062	0.173561
  -2.08171	0.185038
   -2.0428	0.196506
  -2.00389	0.207892
  -1.96498	0.219106
  -1.92607	0.230058
  -1.88716	0.240662
  -1.84825	0.250826
  -1.80934	0.260462
  -1.77043	0.269494
  -1.73152	0.277841
  -1.69261	0.285427
   -1.6537	0.292184
  -1.61479	0.298063
  -1.57588	0.30301
  -1.53696	0.306985
  -1.49805	0.309969
  -1.45914	0.311933
  -1.42023	0.312888
  -1.38132	0.312841
  -1.34241	0.31182
   -1.3035	0.309851
  -1.26459	0.306996
  -1.22568	0.303315
  -1.18677	0.29888
  -1.14786	0.293772
  -1.10895	0.288082
  -1.07004	0.281904
  -1.03113	0.275343
 -0.992218	0.2685
 -0.953307	0.261473
 -0.914397	0.254361
 -0.875486	0.247248
 -0.836576	0.240213
 -0.797665	0.233329
 -0.758755	0.226644
 -0.719844	0.220205
 -0.680934	0.214033
 -0.642023	0.20813
 -0.603113	0.20249
 -0.564202	0.197089
 -0.525292	0.191886
 -0.486381	0.186839
 -0.447471	0.181882
  -0.40856	0.176957
  -0.36965	0.171998
 -0.330739	0.166943
 -0.291829	0.161743
 -0.252918	0.156353
 -0.214008	0.150743
 -0.175097	0.144902
 -0.136187	0.138833
-0.0972763	0.132566
-0.0583658	0.126152
-0.0194553	0.119664
 0.0194553	0.113195
 0.0583658	0.106856
 0.0972763	0.10078
  0.136187	0.095105
  0.175097	0.0899809
  0.214008	0.0855559
  0.252918	0.0819784
  0.291829	0.0793867
  0.330739	0.077905
   0.36965	0.077637
   0.40856	0.0786616
  0.447471	0.0810315
  0.486381	0.0847601
  0.525292	0.0898397
  0.564202	0.0962212
  0.603113	0.10383
  0.642023	0.112558
  0.680934	0.122274
  0.719844	0.132816
  0.758755	0.144018
  0.797665	0.155689
  0.836576	0.16764
  0.875486	0.179675
  0.914397	0.191601
  0.953307	0.20323
  0.992218	0.214388
   1.03113	0.224912
   1.07004	0.234663
   1.10895	0.243512
   1.14786	0.251356
   1.18677	0.258108
   1.22568	0.263701
   1.26459	0.268088
    1.3035	0.271253
   1.34241	0.273182
   1.38132	0.273885
   1.42023	0.273382
   1.45914	0.271725
   1.49805	0.26895
   1.53696	0.265128
   1.57588	0.260326
   1.61479	0.254617
    1.6537	0.248089
   1.69261	0.240828
   1.73152	0.232921
   1.77043	0.224457
   1.80934	0.21553
   1.84825	0.206233
   1.88716	0.196649
   1.92607	0.186868
   1.96498	0.176969
   2.00389	0.167026
    2.0428	0.157121
   2.08171	0.147315
   2.12062	0.137668
   2.15953	0.128235
   2.19844	0.119068
   2.23735	0.110204
   2.27626	0.101681
   2.31518	0.0935218
   2.35409	0.0857562
     2.393	0.0783972
   2.43191	0.0714566
   2.47082	0.0649405
   2.50973	0.0588515
   2.54864	0.053184
   2.58755	0.0479297
   2.62646	0.0430802
   2.66537	0.038622
   2.70428	0.0345394
   2.74319	0.0308123
    2.7821	0.0274238
   2.82101	0.0243543
   2.85992	0.0215811
   2.89883	0.0190855
   2.93774	0.0168459
   2.97665	0.0148422
   3.01556	0.0130549
   3.05447	0.0114644
   3.09339	0.0100531
    3.1323	0.00880333
   3.17121	0.00769866
   3.21012	0.00672467
   3.24903	0.00586699
   3.28794	0.005114
   3.32685	0.00445342
   3.36576	0.00387518
   3.40467	0.00336906
   3.44358	0.00292697
   3.48249	0.00254102
    3.5214	0.00220423
   3.56031	0.00191073
   3.59922	0.00165505
   3.63813	0.00143249
   3.67704	0.0012392
   3.71595	0.00107072
   3.75486	0.000924624
   3.79377	0.000797618
   3.83268	0.000687416
    3.8716	0.000591498
   3.91051	0.000508521
   3.94942	0.000436642
   3.98833	0.000374337
   4.02724	0.000320359
   4.06615	0.000273604
   4.10506	0.000233244
   4.14397	0.000198368
   4.18288	0.000168354
   4.22179	0.000142504
    4.2607	0.000120363
   4.29961	0.00010122
   4.33852	8.48394e-005
   4.37743	7.0834e-005
   4.41634	5.89178e-005
   4.45525	4.87313e-005
   4.49416	4.00533e-005
   4.53307	3.27292e-005
   4.57198	2.65057e-005
   4.61089	2.12622e-005
   4.64981	1.68802e-005
   4.68872	1.32273e-005
   4.72763	1.02113e-005
   4.76654	7.72814e-006
   4.80545	5.71456e-006
   4.84436	4.10921e-006
   4.88327	2.83111e-006
   4.92218	1.85016e-006
