        -5	1.23044e-007
  -4.96109	9.91496e-008
  -4.92218	7.87852e-008
  -4.88327	6.55775e-008
  -4.84436	5.49475e-008
  -4.80545	4.70649e-008
  -4.76654	4.28034e-008
  -4.72763	4.10998e-008
  -4.68872	3.91455e-008
  -4.64981	3.88266e-008
  -4.61089	3.91862e-008
  -4.57198	4.12699e-008
  -4.53307	4.49243e-008
  -4.49416	5.25967e-008
  -4.45525	6.31693e-008
  -4.41634	7.4533e-008
  -4.37743	9.26687e-008
  -4.33852	1.15334e-007
  -4.29961	1.46217e-007
   -4.2607	1.87307e-007
  -4.22179	2.42403e-007
  -4.18288	3.15092e-007
  -4.14397	4.12591e-007
  -4.10506	5.40301e-007
  -4.06615	7.06843e-007
  -4.02724	9.33025e-007
  -3.98833	1.21887e-006
  -3.94942	1.5916e-006
  -3.91051	2.08824e-006
   -3.8716	2.74349e-006
  -3.83268	3.60578e-006
  -3.79377	4.7212e-006
  -3.75486	6.15942e-006
  -3.71595	7.99839e-006
  -3.67704	1.04159e-005
  -3.63813	1.35147e-005
  -3.59922	1.7495e-005
  -3.56031	2.26178e-005
   -3.5214	2.91582e-005
  -3.48249	3.75025e-005
  -3.44358	4.81049e-005
  -3.40467	6.15282e-005
  -3.36576	7.8465e-005
  -3.32685	9.98026e-005
  -3.28794	0.000126489
  -3.24903	0.000159918
  -3.21012	0.000201653
  -3.17121	0.000253345
   -3.1323	0.000317337
  -3.09339	0.000396207
  -3.05447	0.000493195
  -3.01556	0.000611882
  -2.97665	0.000756944
  -2.93774	0.00093357
  -2.89883	0.00114752
  -2.85992	0.00140569
  -2.82101	0.00171677
   -2.7821	0.00208921
  -2.74319	0.00253453
  -2.70428	0.00306394
  -2.66537	0.00369197
  -2.62646	0.00443314
  -2.58755	0.00530535
  -2.54864	0.0063272
  -2.50973	0.00751937
  -2.47082	0.00890596
  -2.43191	0.0105113
    -2.393	0.0123615
  -2.35409	0.0144856
  -2.31518	0.016914
  -2.27626	0.0196784
  -2.23735	0.0228126
  -2.19844	0.0263513
  -2.15953	0.0303296
  -2.12062	0.034779
  -2.08171	0.039738
   -2.0428	0.0452373
  -2.00389	0.0513098
  -1.96498	0.0579846
  -1.92607	0.0652882
  -1.88716	0.073243
  -1.84825	0.0818667
  -1.80934	0.0911728
  -1.77043	0.101165
  -1.73152	0.111848
  -1.69261	0.123211
   -1.6537	0.135237
  -1.61479	0.147907
  -1.57588	0.161189
  -1.53696	0.175041
  -1.49805	0.189412
  -1.45914	0.204241
  -1.42023	0.219462
  -1.38132	0.235005
  -1.34241	0.250779
   -1.3035	0.266695
  -1.26459	0.282657
  -1.22568	0.298554
  -1.18677	0.314284
  -1.14786	0.329722
  -1.10895	0.344756
  -1.07004	0.359254
  -1.03113	0.373097
 -0.992218	0.38615
 -0.953307	0.398283
 -0.914397	0.409373
 -0.875486	0.419282
 -0.836576	0.42788
 -0.797665	0.43504
 -0.758755	0.440643
 -0.719844	0.444575
 -0.680934	0.446729
 -0.642023	0.446998
 -0.603113	0.445285
 -0.564202	0.441523
 -0.525292	0.435642
 -0.486381	0.427597
 -0.447471	0.417371
  -0.40856	0.40496
  -0.36965	0.390399
 -0.330739	0.373748
 -0.291829	0.355107
 -0.252918	0.334611
 -0.214008	0.312438
 -0.175097	0.288799
 -0.136187	0.26397
-0.0972763	0.238246
-0.0583658	0.211971
-0.0194553	0.185524
 0.0194553	0.15932
 0.0583658	0.133786
 0.0972763	0.109364
  0.136187	0.0864865
  0.175097	0.0655856
  0.214008	0.0470549
  0.252918	0.0312472
  0.291829	0.0184621
  0.330739	0.00893111
   0.36965	0.00280946
   0.40856	0.000170854
  0.447471	0.00100288
  0.486381	0.00520892
  0.525292	0.012612
  0.564202	0.0229631
  0.603113	0.0359487
  0.642023	0.0512064
  0.680934	0.0683406
  0.719844	0.0869287
  0.758755	0.106542
  0.797665	0.126752
  0.836576	0.147148
  0.875486	0.167343
  0.914397	0.186991
  0.953307	0.205775
  0.992218	0.223418
   1.03113	0.239699
   1.07004	0.254427
   1.10895	0.267464
   1.14786	0.278705
   1.18677	0.288089
   1.22568	0.295584
   1.26459	0.301198
    1.3035	0.304953
   1.34241	0.306904
   1.38132	0.30713
   1.42023	0.305711
   1.45914	0.30275
   1.49805	0.298359
   1.53696	0.292662
   1.57588	0.285786
   1.61479	0.277863
    1.6537	0.26902
   1.69261	0.25938
   1.73152	0.249083
   1.77043	0.238249
   1.80934	0.227
   1.84825	0.215455
   1.88716	0.203724
   1.92607	0.19191
   1.96498	0.180111
   2.00389	0.168415
    2.0428	0.156903
   2.08171	0.145646
   2.12062	0.134705
   2.15953	0.124139
   2.19844	0.113992
   2.23735	0.104298
   2.27626	0.0950872
   2.31518	0.0863829
   2.35409	0.0781989
     2.393	0.0705417
   2.43191	0.0634088
   2.47082	0.0567994
   2.50973	0.0507031
   2.54864	0.0451034
   2.58755	0.0399851
   2.62646	0.0353259
   2.66537	0.0311038
   2.70428	0.0272939
   2.74319	0.0238706
    2.7821	0.020807
   2.82101	0.0180776
   2.85992	0.015654
   2.89883	0.0135117
   2.93774	0.0116257
   2.97665	0.00997052
   3.01556	0.00852356
   3.05447	0.00726345
   3.09339	0.00617069
    3.1323	0.00522658
   3.17121	0.00441375
   3.21012	0.00371552
   3.24903	0.00311861
   3.28794	0.00261005
   3.32685	0.00217768
   3.36576	0.00181189
   3.40467	0.00150296
   3.44358	0.00124327
   3.48249	0.00102538
    3.5214	0.000843352
   3.56031	0.000691676
   3.59922	0.000565599
   3.63813	0.000461408
   3.67704	0.000375315
   3.71595	0.000304389
   3.75486	0.000246259
   3.79377	0.000198758
   3.83268	0.000160005
    3.8716	0.000128421
   3.91051	0.000102747
   3.94942	8.20138e-005
   3.98833	6.53334e-005
   4.02724	5.18285e-005
   4.06615	4.10428e-005
   4.10506	3.2403e-005
   4.14397	2.55139e-005
   4.18288	2.00438e-005
   4.22179	1.56999e-005
    4.2607	1.22775e-005
   4.29961	9.56644e-006
   4.33852	7.45706e-006
   4.37743	5.78106e-006
   4.41634	4.48545e-006
   4.45525	3.48374e-006
   4.49416	2.69504e-006
   4.53307	2.07613e-006
   4.57198	1.59392e-006
   4.61089	1.2215e-006
   4.64981	9.35919e-007
   4.68872	7.23679e-007
   4.72763	5.61446e-007
   4.76654	4.31057e-007
   4.80545	3.33613e-007
   4.84436	2.59932e-007
   4.88327	2.00569e-007
   4.92218	1.58275e-007
