        -5	1.95446e-007
  -4.96109	2.20986e-007
  -4.92218	2.62445e-007
  -4.88327	3.12196e-007
  -4.84436	3.77032e-007
  -4.80545	4.65182e-007
  -4.76654	5.78454e-007
  -4.72763	7.26283e-007
  -4.68872	9.06539e-007
  -4.64981	1.14396e-006
  -4.61089	1.44923e-006
  -4.57198	1.82387e-006
  -4.53307	2.29402e-006
  -4.49416	2.8928e-006
  -4.45525	3.64702e-006
  -4.41634	4.61177e-006
  -4.37743	5.82217e-006
  -4.33852	7.34915e-006
  -4.29961	9.25734e-006
   -4.2607	1.16496e-005
  -4.22179	1.46544e-005
  -4.18288	1.83885e-005
  -4.14397	2.30221e-005
  -4.10506	2.88172e-005
  -4.06615	3.59692e-005
  -4.02724	4.48211e-005
  -3.98833	5.57578e-005
  -3.94942	6.91689e-005
  -3.91051	8.56184e-005
   -3.8716	0.000105821
  -3.83268	0.000130441
  -3.79377	0.000160461
  -3.75486	0.000196982
  -3.71595	0.000241288
  -3.67704	0.000294905
  -3.63813	0.00035956
  -3.59922	0.000437384
  -3.56031	0.00053071
   -3.5214	0.000642544
  -3.48249	0.000776378
  -3.44358	0.000935837
  -3.40467	0.00112502
  -3.36576	0.0013496
  -3.32685	0.00161473
  -3.28794	0.00192731
  -3.24903	0.00229415
  -3.21012	0.00272406
  -3.17121	0.00322636
   -3.1323	0.00381092
  -3.09339	0.00449009
  -3.05447	0.00527572
  -3.01556	0.006183
  -2.97665	0.00722609
  -2.93774	0.00842249
  -2.89883	0.0097903
  -2.85992	0.0113486
  -2.82101	0.0131188
   -2.7821	0.0151213
  -2.74319	0.0173817
  -2.70428	0.0199223
  -2.66537	0.0227678
  -2.62646	0.0259438
  -2.58755	0.0294766
  -2.54864	0.033393
  -2.50973	0.037717
  -2.47082	0.0424741
  -2.43191	0.0476908
    -2.393	0.053387
  -2.35409	0.0595842
  -2.31518	0.066301
  -2.27626	0.0735482
  -2.23735	0.0813411
  -2.19844	0.0896887
  -2.15953	0.0985921
  -2.12062	0.10805
  -2.08171	0.118056
   -2.0428	0.128593
  -2.00389	0.139647
  -1.96498	0.151194
  -1.92607	0.163202
  -1.88716	0.175634
  -1.84825	0.188445
  -1.80934	0.201579
  -1.77043	0.214987
  -1.73152	0.228606
  -1.69261	0.242362
   -1.6537	0.256186
  -1.61479	0.269994
  -1.57588	0.283696
  -1.53696	0.297209
  -1.49805	0.310438
  -1.45914	0.323279
  -1.42023	0.335636
  -1.38132	0.347406
  -1.34241	0.358487
   -1.3035	0.368765
  -1.26459	0.378132
  -1.22568	0.386489
  -1.18677	0.393717
  -1.14786	0.399719
  -1.10895	0.404382
  -1.07004	0.407619
  -1.03113	0.409325
 -0.992218	0.409418
 -0.953307	0.407817
 -0.914397	0.404452
 -0.875486	0.399276
 -0.836576	0.392231
 -0.797665	0.38331
 -0.758755	0.372504
 -0.719844	0.359838
 -0.680934	0.345352
 -0.642023	0.329125
 -0.603113	0.311271
 -0.564202	0.291928
 -0.525292	0.27127
 -0.486381	0.249521
 -0.447471	0.226928
  -0.40856	0.203783
  -0.36965	0.180403
 -0.330739	0.157132
 -0.291829	0.134334
 -0.252918	0.11239
 -0.214008	0.0916826
 -0.175097	0.0725889
 -0.136187	0.0554623
-0.0972763	0.0406329
-0.0583658	0.0283846
-0.0194553	0.0189515
 0.0194553	0.0125071
 0.0583658	0.00915706
 0.0972763	0.0089344
  0.136187	0.0118024
  0.175097	0.017651
  0.214008	0.0263025
  0.252918	0.0375215
  0.291829	0.0510174
  0.330739	0.0664614
   0.36965	0.0834993
   0.40856	0.101756
  0.447471	0.120847
  0.486381	0.140402
  0.525292	0.160051
  0.564202	0.17946
  0.603113	0.198312
  0.642023	0.216331
  0.680934	0.233268
  0.719844	0.248922
  0.758755	0.263124
  0.797665	0.275746
  0.836576	0.286683
  0.875486	0.295879
  0.914397	0.303303
  0.953307	0.308947
  0.992218	0.312828
   1.03113	0.314985
   1.07004	0.31549
   1.10895	0.314403
   1.14786	0.311819
   1.18677	0.307832
   1.22568	0.302557
   1.26459	0.2961
    1.3035	0.288578
   1.34241	0.28011
   1.38132	0.270823
   1.42023	0.260827
   1.45914	0.250247
   1.49805	0.239194
   1.53696	0.227782
   1.57588	0.216121
   1.61479	0.204315
    1.6537	0.192458
   1.69261	0.180639
   1.73152	0.16894
   1.77043	0.15744
   1.80934	0.146202
   1.84825	0.135287
   1.88716	0.124746
   1.92607	0.114622
   1.96498	0.10495
   2.00389	0.0957593
    2.0428	0.0870664
   2.08171	0.0788876
   2.12062	0.071229
   2.15953	0.0640903
   2.19844	0.0574678
   2.23735	0.0513522
   2.27626	0.0457303
   2.31518	0.0405851
   2.35409	0.0358969
     2.393	0.0316429
   2.43191	0.0277982
   2.47082	0.0243381
   2.50973	0.0212395
   2.54864	0.0184734
   2.58755	0.0160152
   2.62646	0.0138391
   2.66537	0.0119199
   2.70428	0.0102343
   2.74319	0.0087585
    2.7821	0.00747219
   2.82101	0.00635411
   2.85992	0.00538665
   2.89883	0.00455232
   2.93774	0.00383535
   2.97665	0.00322126
   3.01556	0.00269721
   3.05447	0.00225183
   3.09339	0.00187415
    3.1323	0.00155519
   3.17121	0.00128665
   3.21012	0.00106133
   3.24903	0.000873047
   3.28794	0.000716
   3.32685	0.000585723
   3.36576	0.000477647
   3.40467	0.000388584
   3.44358	0.00031533
   3.48249	0.000255085
    3.5214	0.000205746
   3.56031	0.000165519
   3.59922	0.000132812
   3.63813	0.000106319
   3.67704	8.48687e-005
   3.71595	6.75979e-005
   3.75486	5.36967e-005
   3.79377	4.25434e-005
   3.83268	3.36512e-005
    3.8716	2.65399e-005
   3.91051	2.08698e-005
   3.94942	1.64018e-005
   3.98833	1.28554e-005
   4.02724	1.00547e-005
   4.06615	7.8614e-006
   4.10506	6.12683e-006
   4.14397	4.76671e-006
   4.18288	3.70999e-006
   4.22179	2.88104e-006
    4.2607	2.23362e-006
   4.29961	1.73567e-006
   4.33852	1.35183e-006
   4.37743	1.05817e-006
   4.41634	8.24198e-007
   4.45525	6.47352e-007
   4.49416	5.06501e-007
   4.53307	4.00745e-007
   4.57198	3.24043e-007
   4.61089	2.67719e-007
   4.64981	2.22279e-007
   4.68872	1.93843e-007
   4.72763	1.74205e-007
   4.76654	1.63145e-007
   4.80545	1.55926e-007
   4.84436	1.55307e-007
   4.88327	1.64177e-007
   4.92218	1.74576e-007
