        -5	8.59594e-006
  -4.96109	6.88738e-006
  -4.92218	5.53465e-006
  -4.88327	4.48715e-006
  -4.84436	3.69336e-006
  -4.80545	3.12866e-006
  -4.76654	2.75079e-006
  -4.72763	2.54498e-006
  -4.68872	2.49082e-006
  -4.64981	2.56736e-006
  -4.61089	2.78496e-006
  -4.57198	3.16917e-006
  -4.53307	3.73865e-006
  -4.49416	4.55124e-006
  -4.45525	5.6791e-006
  -4.41634	7.24407e-006
  -4.37743	9.3792e-006
  -4.33852	1.23061e-005
  -4.29961	1.62728e-005
   -4.2607	2.15283e-005
  -4.22179	2.85605e-005
  -4.18288	3.78709e-005
  -4.14397	5.00237e-005
  -4.10506	6.57593e-005
  -4.06615	8.58934e-005
  -4.02724	0.000111477
  -3.98833	0.000143616
  -3.94942	0.000183738
  -3.91051	0.000233344
   -3.8716	0.000294063
  -3.83268	0.000368057
  -3.79377	0.000457408
  -3.75486	0.000564569
  -3.71595	0.000692155
  -3.67704	0.000842969
  -3.63813	0.00102013
  -3.59922	0.00122683
  -3.56031	0.00146625
   -3.5214	0.0017429
  -3.48249	0.0020599
  -3.44358	0.00242065
  -3.40467	0.00282933
  -3.36576	0.00328935
  -3.32685	0.00380469
  -3.28794	0.00437844
  -3.24903	0.00501405
  -3.21012	0.00571446
  -3.17121	0.00648189
   -3.1323	0.00731735
  -3.09339	0.0082238
  -3.05447	0.00920109
  -3.01556	0.0102501
  -2.97665	0.0113694
  -2.93774	0.0125587
  -2.89883	0.0138153
  -2.85992	0.0151373
  -2.82101	0.0165207
   -2.7821	0.0179637
  -2.74319	0.0194615
  -2.70428	0.0210104
  -2.66537	0.0226068
  -2.62646	0.0242479
  -2.58755	0.0259315
  -2.54864	0.0276567
  -2.50973	0.0294245
  -2.47082	0.0312391
  -2.43191	0.0331058
    -2.393	0.0350315
  -2.35409	0.0370317
  -2.31518	0.0391226
  -2.27626	0.0413257
  -2.23735	0.0436667
  -2.19844	0.0461769
  -2.15953	0.0488907
  -2.12062	0.051849
  -2.08171	0.0550913
   -2.0428	0.0586692
  -2.00389	0.0626326
  -1.96498	0.067027
  -1.92607	0.0719038
  -1.88716	0.0773086
  -1.84825	0.0832851
  -1.80934	0.0898694
  -1.77043	0.0970912
  -1.73152	0.104967
  -1.69261	0.113508
   -1.6537	0.122703
  -1.61479	0.132531
  -1.57588	0.142955
  -1.53696	0.153918
  -1.49805	0.165352
  -1.45914	0.177165
  -1.42023	0.189258
  -1.38132	0.201508
  -1.34241	0.213798
   -1.3035	0.225979
  -1.26459	0.237901
  -1.22568	0.249423
  -1.18677	0.260391
  -1.14786	0.270661
  -1.10895	0.28009
  -1.07004	0.28855
  -1.03113	0.295922
 -0.992218	0.302112
 -0.953307	0.307038
 -0.914397	0.310638
 -0.875486	0.31288
 -0.836576	0.313757
 -0.797665	0.313287
 -0.758755	0.311513
 -0.719844	0.308509
 -0.680934	0.304364
 -0.642023	0.299198
 -0.603113	0.293144
 -0.564202	0.286352
 -0.525292	0.278986
 -0.486381	0.271216
 -0.447471	0.263209
  -0.40856	0.255136
  -0.36965	0.247152
 -0.330739	0.239405
 -0.291829	0.232012
 -0.252918	0.225085
 -0.214008	0.218688
 -0.175097	0.212879
 -0.136187	0.207675
-0.0972763	0.203074
-0.0583658	0.199043
-0.0194553	0.195535
 0.0194553	0.19248
 0.0583658	0.189801
 0.0972763	0.187408
  0.136187	0.185218
  0.175097	0.183141
  0.214008	0.181106
  0.252918	0.17905
  0.291829	0.176934
  0.330739	0.174735
   0.36965	0.172456
   0.40856	0.170122
  0.447471	0.167781
  0.486381	0.165497
  0.525292	0.16336
  0.564202	0.16146
  0.603113	0.159899
  0.642023	0.158784
  0.680934	0.158216
  0.719844	0.158286
  0.758755	0.159071
  0.797665	0.160631
  0.836576	0.162999
  0.875486	0.166191
  0.914397	0.170196
  0.953307	0.174964
  0.992218	0.180432
   1.03113	0.186512
   1.07004	0.193093
   1.10895	0.200048
   1.14786	0.207237
   1.18677	0.214515
   1.22568	0.221723
   1.26459	0.228723
    1.3035	0.235364
   1.34241	0.241505
   1.38132	0.247027
   1.42023	0.25182
   1.45914	0.255792
   1.49805	0.258869
   1.53696	0.260995
   1.57588	0.262134
   1.61479	0.262265
    1.6537	0.261382
   1.69261	0.259509
   1.73152	0.256671
   1.77043	0.252911
   1.80934	0.248283
   1.84825	0.242851
   1.88716	0.236687
   1.92607	0.229864
   1.96498	0.222469
   2.00389	0.214577
    2.0428	0.206274
   2.08171	0.197644
   2.12062	0.188768
   2.15953	0.179719
   2.19844	0.170576
   2.23735	0.161401
   2.27626	0.152263
   2.31518	0.143214
   2.35409	0.134307
     2.393	0.125594
   2.43191	0.11711
   2.47082	0.108887
   2.50973	0.100956
   2.54864	0.093339
   2.58755	0.0860552
   2.62646	0.0791186
   2.66537	0.0725369
   2.70428	0.066319
   2.74319	0.0604632
    2.7821	0.054966
   2.82101	0.0498284
   2.85992	0.0450423
   2.89883	0.0405993
   2.93774	0.0364895
   2.97665	0.0327005
   3.01556	0.0292197
   3.05447	0.026033
   3.09339	0.0231244
    3.1323	0.0204817
   3.17121	0.0180885
   3.21012	0.0159276
   3.24903	0.0139845
   3.28794	0.0122428
   3.32685	0.0106879
   3.36576	0.00930412
   3.40467	0.00807775
   3.44358	0.00699403
   3.48249	0.00604091
    3.5214	0.00520435
   3.56031	0.00447353
   3.59922	0.0038366
   3.63813	0.00328383
   3.67704	0.00280526
   3.71595	0.00239247
   3.75486	0.0020373
   3.79377	0.00173269
   3.83268	0.00147253
    3.8716	0.00125013
   3.91051	0.00106052
   3.94942	0.00089941
   3.98833	0.000762639
   4.02724	0.000646657
   4.06615	0.000548439
   4.10506	0.00046528
   4.14397	0.000394858
   4.18288	0.000335232
   4.22179	0.000284497
    4.2607	0.000241585
   4.29961	0.000205076
   4.33852	0.000174026
   4.37743	0.000147572
   4.41634	0.000125016
   4.45525	0.000105798
   4.49416	8.9362e-005
   4.53307	7.53696e-005
   4.57198	6.3267e-005
   4.61089	5.29441e-005
   4.64981	4.41822e-005
   4.68872	3.66845e-005
   4.72763	3.0309e-005
   4.76654	2.49033e-005
   4.80545	2.03541e-005
   4.84436	1.65376e-005
   4.88327	1.33782e-005
   4.92218	1.07629e-005
