        -5	1.10739e-007
  -4.96109	1.17091e-007
  -4.92218	1.26989e-007
  -4.88327	1.45207e-007
  -4.84436	1.71374e-007
  -4.80545	2.08272e-007
  -4.76654	2.57124e-007
  -4.72763	3.21494e-007
  -4.68872	4.00235e-007
  -4.64981	5.11892e-007
  -4.61089	6.52318e-007
  -4.57198	8.31615e-007
  -4.53307	1.07027e-006
  -4.49416	1.3722e-006
  -4.45525	1.75699e-006
  -4.41634	2.24422e-006
  -4.37743	2.87841e-006
  -4.33852	3.67409e-006
  -4.29961	4.68355e-006
   -4.2607	5.96757e-006
  -4.22179	7.59717e-006
  -4.18288	9.66878e-006
  -4.14397	1.22661e-005
  -4.10506	1.55157e-005
  -4.06615	1.96027e-005
  -4.02724	2.4698e-005
  -3.98833	3.11045e-005
  -3.94942	3.91107e-005
  -3.91051	4.90184e-005
   -3.8716	6.13511e-005
  -3.83268	7.65582e-005
  -3.79377	9.53149e-005
  -3.75486	0.000118505
  -3.71595	0.000146977
  -3.67704	0.000181925
  -3.63813	0.000224585
  -3.59922	0.000276476
  -3.56031	0.00033963
   -3.5214	0.000416212
  -3.48249	0.000508788
  -3.44358	0.000620598
  -3.40467	0.00075472
  -3.36576	0.000915666
  -3.32685	0.00110788
  -3.28794	0.00133693
  -3.24903	0.00160896
  -3.21012	0.00193151
  -3.17121	0.00231205
   -3.1323	0.00275981
  -3.09339	0.0032853
  -3.05447	0.00389999
  -3.01556	0.00461614
  -2.97665	0.00544786
  -2.93774	0.00641097
  -2.89883	0.0075229
  -2.85992	0.00880249
  -2.82101	0.0102684
   -2.7821	0.0119436
  -2.74319	0.0138493
  -2.70428	0.0160113
  -2.66537	0.0184542
  -2.62646	0.0212036
  -2.58755	0.0242869
  -2.54864	0.0277325
  -2.50973	0.0315694
  -2.47082	0.0358228
  -2.43191	0.0405221
    -2.393	0.0456926
  -2.35409	0.0513586
  -2.31518	0.0575451
  -2.27626	0.0642674
  -2.23735	0.0715448
  -2.19844	0.0793888
  -2.15953	0.0878124
  -2.12062	0.0968164
  -2.08171	0.1064
   -2.0428	0.116555
  -2.00389	0.127272
  -1.96498	0.138528
  -1.92607	0.150295
  -1.88716	0.162539
  -1.84825	0.17522
  -1.80934	0.188287
  -1.77043	0.20169
  -1.73152	0.215363
  -1.69261	0.229232
   -1.6537	0.243227
  -1.61479	0.257258
  -1.57588	0.27124
  -1.53696	0.285083
  -1.49805	0.298685
  -1.45914	0.311943
  -1.42023	0.324746
  -1.38132	0.336982
  -1.34241	0.348548
   -1.3035	0.359319
  -1.26459	0.369182
  -1.22568	0.378027
  -1.18677	0.385728
  -1.14786	0.392172
  -1.10895	0.397249
  -1.07004	0.400854
  -1.03113	0.402888
 -0.992218	0.403249
 -0.953307	0.401852
 -0.914397	0.398629
 -0.875486	0.393507
 -0.836576	0.386454
 -0.797665	0.377443
 -0.758755	0.36647
 -0.719844	0.353559
 -0.680934	0.338759
 -0.642023	0.322152
 -0.603113	0.303862
 -0.564202	0.284043
 -0.525292	0.262888
 -0.486381	0.240628
 -0.447471	0.217536
  -0.40856	0.193924
  -0.36965	0.170128
 -0.330739	0.146518
 -0.291829	0.12348
 -0.252918	0.101426
 -0.214008	0.0807513
 -0.175097	0.0618551
 -0.136187	0.0451076
-0.0972763	0.0308444
-0.0583658	0.0193573
-0.0194553	0.0108774
 0.0194553	0.00556944
 0.0583658	0.0035257
 0.0972763	0.00476149
  0.136187	0.00921358
  0.175097	0.0167442
  0.214008	0.0271465
  0.252918	0.0401525
  0.291829	0.0554406
  0.330739	0.0726516
   0.36965	0.0914006
   0.40856	0.111289
  0.447471	0.131917
  0.486381	0.152888
  0.525292	0.173827
  0.564202	0.19439
  0.603113	0.214258
  0.642023	0.233148
  0.680934	0.25082
  0.719844	0.267075
  0.758755	0.281748
  0.797665	0.294716
  0.836576	0.305898
  0.875486	0.315231
  0.914397	0.322697
  0.953307	0.328297
  0.992218	0.33206
   1.03113	0.334041
   1.07004	0.334304
   1.10895	0.33293
   1.14786	0.330012
   1.18677	0.32565
   1.22568	0.319962
   1.26459	0.313065
    1.3035	0.305075
   1.34241	0.296123
   1.38132	0.286321
   1.42023	0.275798
   1.45914	0.264673
   1.49805	0.253065
   1.53696	0.241092
   1.57588	0.228863
   1.61479	0.216478
    1.6537	0.204038
   1.69261	0.191634
   1.73152	0.179354
   1.77043	0.167273
   1.80934	0.15546
   1.84825	0.143978
   1.88716	0.132881
   1.92607	0.122215
   1.96498	0.112011
   2.00389	0.102307
    2.0428	0.0931194
   2.08171	0.0844625
   2.12062	0.0763479
   2.15953	0.0687758
   2.19844	0.0617426
   2.23735	0.0552388
   2.27626	0.0492513
   2.31518	0.0437624
   2.35409	0.038755
     2.393	0.0342055
   2.43191	0.0300883
   2.47082	0.0263792
   2.50973	0.0230517
   2.54864	0.0200784
   2.58755	0.0174318
   2.62646	0.015085
   2.66537	0.0130115
   2.70428	0.0111872
   2.74319	0.0095889
    2.7821	0.00819229
   2.82101	0.00697731
   2.85992	0.00592437
   2.89883	0.00501473
   2.93774	0.00423179
   2.97665	0.00356028
   3.01556	0.00298651
   3.05447	0.00249724
   3.09339	0.00208245
    3.1323	0.00173129
   3.17121	0.00143532
   3.21012	0.00118667
   3.24903	0.000978136
   3.28794	0.000803866
   3.32685	0.000658805
   3.36576	0.000538459
   3.40467	0.000439047
   3.44358	0.00035687
   3.48249	0.00028928
    3.5214	0.00023395
   3.56031	0.00018858
   3.59922	0.000151626
   3.63813	0.000121627
   3.67704	9.73382e-005
   3.71595	7.76671e-005
   3.75486	6.17747e-005
   3.79377	4.90073e-005
   3.83268	3.88264e-005
    3.8716	3.06227e-005
   3.91051	2.41343e-005
   3.94942	1.89727e-005
   3.98833	1.48703e-005
   4.02724	1.16092e-005
   4.06615	9.04792e-006
   4.10506	7.0404e-006
   4.14397	5.48909e-006
   4.18288	4.25199e-006
   4.22179	3.30001e-006
    4.2607	2.55234e-006
   4.29961	1.96641e-006
   4.33852	1.52272e-006
   4.37743	1.17708e-006
   4.41634	9.12553e-007
   4.45525	7.10225e-007
   4.49416	5.55271e-007
   4.53307	4.3258e-007
   4.57198	3.42016e-007
   4.61089	2.7572e-007
   4.64981	2.2207e-007
   4.68872	1.83326e-007
   4.72763	1.55876e-007
   4.76654	1.37729e-007
   4.80545	1.24719e-007
   4.84436	1.16533e-007
   4.88327	1.09407e-007
   4.92218	1.07711e-007
