        -5	4.57994e-009
  -4.96109	2.32344e-009
  -4.92218	3.09397e-009
  -4.88327	6.48568e-009
  -4.84436	1.30512e-008
  -4.80545	2.34237e-008
  -4.76654	3.81781e-008
  -4.72763	6.15063e-008
  -4.68872	9.13744e-008
  -4.64981	1.33539e-007
  -4.61089	1.88856e-007
  -4.57198	2.67962e-007
  -4.53307	3.65365e-007
  -4.49416	4.96959e-007
  -4.45525	6.69658e-007
  -4.41634	8.87919e-007
  -4.37743	1.17713e-006
  -4.33852	1.55829e-006
  -4.29961	2.05023e-006
   -4.2607	2.69039e-006
  -4.22179	3.49535e-006
  -4.18288	4.53913e-006
  -4.14397	5.8787e-006
  -4.10506	7.58674e-006
  -4.06615	9.79277e-006
  -4.02724	1.25728e-005
  -3.98833	1.60899e-005
  -3.94942	2.05306e-005
  -3.91051	2.61311e-005
   -3.8716	3.32187e-005
  -3.83268	4.20774e-005
  -3.79377	5.31257e-005
  -3.75486	6.69758e-005
  -3.71595	8.40801e-005
  -3.67704	0.000105298
  -3.63813	0.000131513
  -3.59922	0.000163839
  -3.56031	0.000203487
   -3.5214	0.000252148
  -3.48249	0.000311702
  -3.44358	0.000384211
  -3.40467	0.000472441
  -3.36576	0.000579017
  -3.32685	0.000707927
  -3.28794	0.000863049
  -3.24903	0.00104938
  -3.21012	0.001272
  -3.17121	0.00153778
   -3.1323	0.00185389
  -3.09339	0.00222849
  -3.05447	0.00267131
  -3.01556	0.00319216
  -2.97665	0.00380324
  -2.93774	0.00451775
  -2.89883	0.00535008
  -2.85992	0.00631638
  -2.82101	0.00743485
   -2.7821	0.00872446
  -2.74319	0.0102048
  -2.70428	0.0119002
  -2.66537	0.0138333
  -2.62646	0.016029
  -2.58755	0.0185134
  -2.54864	0.0213146
  -2.50973	0.0244607
  -2.47082	0.0279793
  -2.43191	0.0318978
    -2.393	0.0362479
  -2.35409	0.0410523
  -2.31518	0.0463392
  -2.27626	0.0521323
  -2.23735	0.0584543
  -2.19844	0.065321
  -2.15953	0.0727488
  -2.12062	0.080749
  -2.08171	0.0893269
   -2.0428	0.0984793
  -2.00389	0.108201
  -1.96498	0.118482
  -1.92607	0.1293
  -1.88716	0.140628
  -1.84825	0.152431
  -1.80934	0.164661
  -1.77043	0.177271
  -1.73152	0.190203
  -1.69261	0.203384
   -1.6537	0.216744
  -1.61479	0.230201
  -1.57588	0.243664
  -1.53696	0.257037
  -1.49805	0.270218
  -1.45914	0.283093
  -1.42023	0.295555
  -1.38132	0.307488
  -1.34241	0.318766
   -1.3035	0.329265
  -1.26459	0.338867
  -1.22568	0.347444
  -1.18677	0.354871
  -1.14786	0.36102
  -1.10895	0.365777
  -1.07004	0.369032
  -1.03113	0.370669
 -0.992218	0.3706
 -0.953307	0.36873
 -0.914397	0.364983
 -0.875486	0.359307
 -0.836576	0.351663
 -0.797665	0.342042
 -0.758755	0.330454
 -0.719844	0.316936
 -0.680934	0.301569
 -0.642023	0.284458
 -0.603113	0.265757
 -0.564202	0.245661
 -0.525292	0.224397
 -0.486381	0.202242
 -0.447471	0.179503
  -0.40856	0.156535
  -0.36965	0.133719
 -0.330739	0.111454
 -0.291829	0.090159
 -0.252918	0.0702585
 -0.214008	0.0521604
 -0.175097	0.0362571
 -0.136187	0.0229023
-0.0972763	0.0124037
-0.0583658	0.00500782
-0.0194553	0.000895015
 0.0194553	0.000165085
 0.0583658	0.00283894
 0.0972763	0.00885485
  0.136187	0.0180717
  0.175097	0.030276
  0.214008	0.0451874
  0.252918	0.0624758
  0.291829	0.0817658
  0.330739	0.102652
   0.36965	0.124718
   0.40856	0.147546
  0.447471	0.170718
  0.486381	0.193845
  0.525292	0.216558
  0.564202	0.238532
  0.603113	0.25947
  0.642023	0.279113
  0.680934	0.297255
  0.719844	0.313719
  0.758755	0.328378
  0.797665	0.341143
  0.836576	0.351949
  0.875486	0.36077
  0.914397	0.367604
  0.953307	0.372475
  0.992218	0.375437
   1.03113	0.376546
   1.07004	0.37589
   1.10895	0.373557
   1.14786	0.369646
   1.18677	0.364269
   1.22568	0.357543
   1.26459	0.349591
    1.3035	0.340532
   1.34241	0.330487
   1.38132	0.319589
   1.42023	0.307958
   1.45914	0.295711
   1.49805	0.28297
   1.53696	0.269852
   1.57588	0.256468
   1.61479	0.242925
    1.6537	0.229326
   1.69261	0.215755
   1.73152	0.202309
   1.77043	0.189066
   1.80934	0.176093
   1.84825	0.16346
   1.88716	0.151221
   1.92607	0.139429
   1.96498	0.128125
   2.00389	0.117341
    2.0428	0.107101
   2.08171	0.0974246
   2.12062	0.0883254
   2.15953	0.0798068
   2.19844	0.0718658
   2.23735	0.0644987
   2.27626	0.0576928
   2.31518	0.0514337
   2.35409	0.0456982
     2.393	0.0404697
   2.43191	0.0357198
   2.47082	0.031423
   2.50973	0.027553
   2.54864	0.0240815
   2.58755	0.0209789
   2.62646	0.0182169
   2.66537	0.0157676
   2.70428	0.0136054
   2.74319	0.0117018
    2.7821	0.0100331
   2.82101	0.00857611
   2.85992	0.00730806
   2.89883	0.0062083
   2.93774	0.00525804
   2.97665	0.00443989
   3.01556	0.00373727
   3.05447	0.0031366
   3.09339	0.0026246
    3.1323	0.00218983
   3.17121	0.00182205
   3.21012	0.00151137
   3.24903	0.0012502
   3.28794	0.00103114
   3.32685	0.000848338
   3.36576	0.000695759
   3.40467	0.000569108
   3.44358	0.000464149
   3.48249	0.000377606
    3.5214	0.000306462
   3.56031	0.000248002
   3.59922	0.000200196
   3.63813	0.000161188
   3.67704	0.00012951
   3.71595	0.000103673
   3.75486	8.28378e-005
   3.79377	6.59915e-005
   3.83268	5.23965e-005
    3.8716	4.15348e-005
   3.91051	3.28494e-005
   3.94942	2.59154e-005
   3.98833	2.03964e-005
   4.02724	1.59779e-005
   4.06615	1.25034e-005
   4.10506	9.75656e-006
   4.14397	7.60223e-006
   4.18288	5.91928e-006
   4.22179	4.58197e-006
    4.2607	3.53846e-006
   4.29961	2.7223e-006
   4.33852	2.08983e-006
   4.37743	1.60899e-006
   4.41634	1.22996e-006
   4.45525	9.36601e-007
   4.49416	7.13084e-007
   4.53307	5.31511e-007
   4.57198	3.98054e-007
   4.61089	2.941e-007
   4.64981	2.16811e-007
   4.68872	1.54448e-007
   4.72763	1.09025e-007
   4.76654	7.55065e-008
   4.80545	5.11339e-008
   4.84436	3.1668e-008
   4.88327	1.8246e-008
   4.92218	9.62089e-009
