        -5	1.84171e-009
  -4.96109	2.92415e-010
  -4.92218	2.01453e-009
  -4.88327	7.2351e-009
  -4.84436	1.61616e-008
  -4.80545	2.98055e-008
  -4.76654	4.87986e-008
  -4.72763	7.53076e-008
  -4.68872	1.10916e-007
  -4.64981	1.59712e-007
  -4.61089	2.24959e-007
  -4.57198	3.1329e-007
  -4.53307	4.2955e-007
  -4.49416	5.82238e-007
  -4.45525	7.76654e-007
  -4.41634	1.02355e-006
  -4.37743	1.33269e-006
  -4.33852	1.72683e-006
  -4.29961	2.23322e-006
   -4.2607	2.89563e-006
  -4.22179	3.75382e-006
  -4.18288	4.85473e-006
  -4.14397	6.23976e-006
  -4.10506	7.98652e-006
  -4.06615	1.02048e-005
  -4.02724	1.3053e-005
  -3.98833	1.66737e-005
  -3.94942	2.12218e-005
  -3.91051	2.68968e-005
   -3.8716	3.40468e-005
  -3.83268	4.30641e-005
  -3.79377	5.4334e-005
  -3.75486	6.82809e-005
  -3.71595	8.563e-005
  -3.67704	0.000107241
  -3.63813	0.000133932
  -3.59922	0.000166684
  -3.56031	0.000207055
   -3.5214	0.000256649
  -3.48249	0.000317064
  -3.44358	0.00039068
  -3.40467	0.000480389
  -3.36576	0.000588809
  -3.32685	0.000719701
  -3.28794	0.000877664
  -3.24903	0.00106689
  -3.21012	0.00129338
  -3.17121	0.00156387
   -3.1323	0.0018849
  -3.09339	0.00226579
  -3.05447	0.00271565
  -3.01556	0.00324474
  -2.97665	0.00386641
  -2.93774	0.00459216
  -2.89883	0.00543886
  -2.85992	0.00642113
  -2.82101	0.007558
   -2.7821	0.00886855
  -2.74319	0.0103735
  -2.70428	0.0120963
  -2.66537	0.0140596
  -2.62646	0.0162903
  -2.58755	0.0188133
  -2.54864	0.0216576
  -2.50973	0.0248498
  -2.47082	0.0284198
  -2.43191	0.0323949
    -2.393	0.0368044
  -2.35409	0.0416744
  -2.31518	0.0470315
  -2.27626	0.0528989
  -2.23735	0.0592983
  -2.19844	0.0662474
  -2.15953	0.0737608
  -2.12062	0.0818479
  -2.08171	0.0905136
   -2.0428	0.099757
  -2.00389	0.109571
  -1.96498	0.119941
  -1.92607	0.130847
  -1.88716	0.14226
  -1.84825	0.154143
  -1.80934	0.166453
  -1.77043	0.179137
  -1.73152	0.192135
  -1.69261	0.205377
   -1.6537	0.21879
  -1.61479	0.232287
  -1.57588	0.24578
  -1.53696	0.25917
  -1.49805	0.272355
  -1.45914	0.285224
  -1.42023	0.297665
  -1.38132	0.309559
  -1.34241	0.320786
   -1.3035	0.33122
  -1.26459	0.340739
  -1.22568	0.349214
  -1.18677	0.356523
  -1.14786	0.362541
  -1.10895	0.36715
  -1.07004	0.370234
  -1.03113	0.37169
 -0.992218	0.371415
 -0.953307	0.369327
 -0.914397	0.365351
 -0.875486	0.359434
 -0.836576	0.351539
 -0.797665	0.341657
 -0.758755	0.329801
 -0.719844	0.316019
 -0.680934	0.300388
 -0.642023	0.283026
 -0.603113	0.264088
 -0.564202	0.243771
 -0.525292	0.222312
 -0.486381	0.199992
 -0.447471	0.17713
  -0.40856	0.154081
  -0.36965	0.13123
 -0.330739	0.108986
 -0.291829	0.0877687
 -0.252918	0.068002
 -0.214008	0.0500981
 -0.175097	0.0344464
 -0.136187	0.0213985
-0.0972763	0.0112565
-0.0583658	0.00426066
-0.0194553	0.000580054
 0.0194553	0.000305707
 0.0583658	0.00344678
 0.0972763	0.00993019
  0.136187	0.0196036
  0.175097	0.0322416
  0.214008	0.0475551
  0.252918	0.065202
  0.291829	0.0848001
  0.330739	0.105941
   0.36965	0.128202
   0.40856	0.151161
  0.447471	0.174406
  0.486381	0.197545
  0.525292	0.220215
  0.564202	0.24209
  0.603113	0.262877
  0.642023	0.282332
  0.680934	0.300245
  0.719844	0.316452
  0.758755	0.330828
  0.797665	0.343285
  0.836576	0.353768
  0.875486	0.362256
  0.914397	0.368752
  0.953307	0.373288
  0.992218	0.37591
   1.03113	0.376688
   1.07004	0.375704
   1.10895	0.373055
   1.14786	0.368841
   1.18677	0.363178
   1.22568	0.35618
   1.26459	0.347973
    1.3035	0.338678
   1.34241	0.328422
   1.38132	0.317328
   1.42023	0.305524
   1.45914	0.293128
   1.49805	0.280263
   1.53696	0.267042
   1.57588	0.253577
   1.61479	0.239972
    1.6537	0.226329
   1.69261	0.212739
   1.73152	0.199291
   1.77043	0.186061
   1.80934	0.173124
   1.84825	0.160542
   1.88716	0.148371
   1.92607	0.136658
   1.96498	0.125443
   2.00389	0.114758
    2.0428	0.104627
   2.08171	0.0950666
   2.12062	0.0860865
   2.15953	0.0776902
   2.19844	0.0698751
   2.23735	0.0626336
   2.27626	0.0559526
   2.31518	0.0498162
   2.35409	0.0442032
     2.393	0.0390918
   2.43191	0.0344554
   2.47082	0.0302687
   2.50973	0.0265019
   2.54864	0.0231284
   2.58755	0.0201172
   2.62646	0.017442
   2.66537	0.0150728
   2.70428	0.0129841
   2.74319	0.0111488
    2.7821	0.00954251
   2.82101	0.00814237
   2.85992	0.00692509
   2.89883	0.00587266
   2.93774	0.00496366
   2.97665	0.00418353
   3.01556	0.00351484
   3.05447	0.00294415
   3.09339	0.00245924
    3.1323	0.00204761
   3.17121	0.00170022
   3.21012	0.00140782
   3.24903	0.00116197
   3.28794	0.000956696
   3.32685	0.000785473
   3.36576	0.000642848
   3.40467	0.000524925
   3.44358	0.000427511
   3.48249	0.000347044
    3.5214	0.000281061
   3.56031	0.000227167
   3.59922	0.000183003
   3.63813	0.000147002
   3.67704	0.000117882
   3.71595	9.43375e-005
   3.75486	7.52171e-005
   3.79377	5.98084e-005
   3.83268	4.74917e-005
    3.8716	3.76622e-005
   3.91051	2.97562e-005
   3.94942	2.34248e-005
   3.98833	1.83996e-005
   4.02724	1.4456e-005
   4.06615	1.13424e-005
   4.10506	8.87319e-006
   4.14397	6.90441e-006
   4.18288	5.35701e-006
   4.22179	4.15134e-006
    4.2607	3.22541e-006
   4.29961	2.50797e-006
   4.33852	1.95085e-006
   4.37743	1.50983e-006
   4.41634	1.16249e-006
   4.45525	8.86695e-007
   4.49416	6.72043e-007
   4.53307	5.04363e-007
   4.57198	3.76423e-007
   4.61089	2.7777e-007
   4.64981	2.03371e-007
   4.68872	1.46197e-007
   4.72763	1.03344e-007
   4.76654	7.05226e-008
   4.80545	4.62733e-008
   4.84436	2.8115e-008
   4.88327	1.53647e-008
   4.92218	6.70168e-009
