        -5	1.74585e-009
  -4.96109	7.55317e-010
  -4.92218	3.12206e-009
  -4.88327	8.69124e-009
  -4.84436	1.7962e-008
  -4.80545	3.24256e-008
  -4.76654	5.11473e-008
  -4.72763	7.82967e-008
  -4.68872	1.16968e-007
  -4.64981	1.6437e-007
  -4.61089	2.26231e-007
  -4.57198	3.05527e-007
  -4.53307	4.10027e-007
  -4.49416	5.4234e-007
  -4.45525	7.16392e-007
  -4.41634	9.46882e-007
  -4.37743	1.25456e-006
  -4.33852	1.6335e-006
  -4.29961	2.13827e-006
   -4.2607	2.77891e-006
  -4.22179	3.60668e-006
  -4.18288	4.66375e-006
  -4.14397	6.0189e-006
  -4.10506	7.74268e-006
  -4.06615	9.94243e-006
  -4.02724	1.2727e-005
  -3.98833	1.62634e-005
  -3.94942	2.07209e-005
  -3.91051	2.63407e-005
   -3.8716	3.34248e-005
  -3.83268	4.22382e-005
  -3.79377	5.33246e-005
  -3.75486	6.71745e-005
  -3.71595	8.43377e-005
  -3.67704	0.000105566
  -3.63813	0.000131758
  -3.59922	0.000164037
  -3.56031	0.000203747
   -3.5214	0.00025256
  -3.48249	0.000312181
  -3.44358	0.000384671
  -3.40467	0.000472962
  -3.36576	0.000579825
  -3.32685	0.000708911
  -3.28794	0.000864393
  -3.24903	0.00105095
  -3.21012	0.00127429
  -3.17121	0.00154055
   -3.1323	0.00185726
  -3.09339	0.0022324
  -3.05447	0.00267565
  -3.01556	0.00319732
  -2.97665	0.00380923
  -2.93774	0.0045252
  -2.89883	0.00535861
  -2.85992	0.00632622
  -2.82101	0.00744639
   -2.7821	0.00873815
  -2.74319	0.0102223
  -2.70428	0.0119213
  -2.66537	0.0138589
  -2.62646	0.0160595
  -2.58755	0.0185487
  -2.54864	0.0213558
  -2.50973	0.0245084
  -2.47082	0.0280333
  -2.43191	0.0319613
    -2.393	0.0363184
  -2.35409	0.0411338
  -2.31518	0.0464319
  -2.27626	0.0522379
  -2.23735	0.0585726
  -2.19844	0.065455
  -2.15953	0.0728997
  -2.12062	0.0809163
  -2.08171	0.0895126
   -2.0428	0.0986843
  -2.00389	0.108429
  -1.96498	0.118734
  -1.92607	0.129576
  -1.88716	0.140927
  -1.84825	0.152751
  -1.80934	0.165007
  -1.77043	0.177642
  -1.73152	0.190601
  -1.69261	0.203818
   -1.6537	0.217213
  -1.61479	0.230702
  -1.57588	0.244205
  -1.53696	0.257615
  -1.49805	0.270839
  -1.45914	0.283763
  -1.42023	0.296277
  -1.38132	0.308264
  -1.34241	0.319603
   -1.3035	0.330173
  -1.26459	0.339848
  -1.22568	0.348503
  -1.18677	0.356017
  -1.14786	0.362259
  -1.10895	0.367124
  -1.07004	0.370486
  -1.03113	0.372236
 -0.992218	0.372281
 -0.953307	0.370533
 -0.914397	0.366916
 -0.875486	0.36137
 -0.836576	0.353854
 -0.797665	0.344352
 -0.758755	0.332884
 -0.719844	0.319477
 -0.680934	0.304205
 -0.642023	0.287182
 -0.603113	0.268547
 -0.564202	0.248493
 -0.525292	0.227246
 -0.486381	0.205078
 -0.447471	0.182297
  -0.40856	0.159253
  -0.36965	0.136323
 -0.330739	0.113909
 -0.291829	0.0924309
 -0.252918	0.0723079
 -0.214008	0.0539604
 -0.175097	0.0377772
 -0.136187	0.0241194
-0.0972763	0.0133014
-0.0583658	0.00557674
-0.0194553	0.00112901
 0.0194553	6.60636e-005
 0.0583658	0.00241505
 0.0972763	0.00812147
  0.136187	0.0170499
  0.175097	0.0289895
  0.214008	0.0436686
  0.252918	0.0607531
  0.291829	0.0798723
  0.330739	0.100622
   0.36965	0.122584
   0.40856	0.145336
  0.447471	0.168463
  0.486381	0.19157
  0.525292	0.214288
  0.564202	0.236284
  0.603113	0.257255
  0.642023	0.276952
  0.680934	0.295154
  0.719844	0.311685
  0.758755	0.326422
  0.797665	0.339264
  0.836576	0.350147
  0.875486	0.359042
  0.914397	0.365952
  0.953307	0.370902
  0.992218	0.373938
   1.03113	0.375119
   1.07004	0.374523
   1.10895	0.372253
   1.14786	0.3684
   1.18677	0.363081
   1.22568	0.356408
   1.26459	0.348504
    1.3035	0.339491
   1.34241	0.329493
   1.38132	0.318634
   1.42023	0.307041
   1.45914	0.294831
   1.49805	0.282129
   1.53696	0.269042
   1.57588	0.255692
   1.61479	0.242177
    1.6537	0.228597
   1.69261	0.215052
   1.73152	0.201631
   1.77043	0.18841
   1.80934	0.175463
   1.84825	0.162853
   1.88716	0.150637
   1.92607	0.138863
   1.96498	0.127578
   2.00389	0.116814
    2.0428	0.106593
   2.08171	0.0969376
   2.12062	0.0878575
   2.15953	0.0793583
   2.19844	0.071439
   2.23735	0.0640922
   2.27626	0.0573079
   2.31518	0.0510687
   2.35409	0.0453573
     2.393	0.0401491
   2.43191	0.0354221
   2.47082	0.0311472
   2.50973	0.0272982
   2.54864	0.0238479
   2.58755	0.0207651
   2.62646	0.0180215
   2.66537	0.0155899
   2.70428	0.0134431
   2.74319	0.0115552
    2.7821	0.00990116
   2.82101	0.00845817
   2.85992	0.00720328
   2.89883	0.0061149
   2.93774	0.00517561
   2.97665	0.00436724
   3.01556	0.00367392
   3.05447	0.00308159
   3.09339	0.00257693
    3.1323	0.00214871
   3.17121	0.00178628
   3.21012	0.00148077
   3.24903	0.0012239
   3.28794	0.00100873
   3.32685	0.000829054
   3.36576	0.000679345
   3.40467	0.000555327
   3.44358	0.000452588
   3.48249	0.000367734
    3.5214	0.000298086
   3.56031	0.000241047
   3.59922	0.000194465
   3.63813	0.000156475
   3.67704	0.000125556
   3.71595	0.000100419
   3.75486	8.01177e-005
   3.79377	6.38354e-005
   3.83268	5.06727e-005
    3.8716	4.01448e-005
   3.91051	3.17271e-005
   3.94942	2.50051e-005
   3.98833	1.96674e-005
   4.02724	1.54243e-005
   4.06615	1.20723e-005
   4.10506	9.42053e-006
   4.14397	7.33598e-006
   4.18288	5.69314e-006
   4.22179	4.41157e-006
    4.2607	3.39691e-006
   4.29961	2.62387e-006
   4.33852	2.00216e-006
   4.37743	1.52336e-006
   4.41634	1.15853e-006
   4.45525	8.81395e-007
   4.49416	6.66254e-007
   4.53307	5.02999e-007
   4.57198	3.77081e-007
   4.61089	2.80038e-007
   4.64981	2.00772e-007
   4.68872	1.42621e-007
   4.72763	1.00653e-007
   4.76654	6.6875e-008
   4.80545	4.33711e-008
   4.84436	2.56666e-008
   4.88327	1.37169e-008
   4.92218	5.80183e-009
