        -5	3.79005e-009
  -4.96109	1.67078e-009
  -4.92218	2.31887e-009
  -4.88327	6.12244e-009
  -4.84436	1.31174e-008
  -4.80545	2.38497e-008
  -4.76654	4.04546e-008
  -4.72763	6.42171e-008
  -4.68872	9.50059e-008
  -4.64981	1.36743e-007
  -4.61089	1.94419e-007
  -4.57198	2.71815e-007
  -4.53307	3.70576e-007
  -4.49416	5.03471e-007
  -4.45525	6.83546e-007
  -4.41634	9.14579e-007
  -4.37743	1.22088e-006
  -4.33852	1.61337e-006
  -4.29961	2.11876e-006
   -4.2607	2.77068e-006
  -4.22179	3.59761e-006
  -4.18288	4.66843e-006
  -4.14397	6.01711e-006
  -4.10506	7.77439e-006
  -4.06615	9.98379e-006
  -4.02724	1.28236e-005
  -3.98833	1.6399e-005
  -3.94942	2.08828e-005
  -3.91051	2.65346e-005
   -3.8716	3.36967e-005
  -3.83268	4.26074e-005
  -3.79377	5.38047e-005
  -3.75486	6.7677e-005
  -3.71595	8.49299e-005
  -3.67704	0.000106273
  -3.63813	0.00013262
  -3.59922	0.000165139
  -3.56031	0.000205069
   -3.5214	0.00025409
  -3.48249	0.000313948
  -3.44358	0.000386998
  -3.40467	0.000475758
  -3.36576	0.000583179
  -3.32685	0.000713022
  -3.28794	0.000869372
  -3.24903	0.00105702
  -3.21012	0.00128138
  -3.17121	0.00154929
   -3.1323	0.00186803
  -3.09339	0.00224558
  -3.05447	0.00269158
  -3.01556	0.00321686
  -2.97665	0.00383344
  -2.93774	0.0045536
  -2.89883	0.00539327
  -2.85992	0.00636777
  -2.82101	0.00749566
   -2.7821	0.00879677
  -2.74319	0.0102912
  -2.70428	0.012002
  -2.66537	0.0139533
  -2.62646	0.0161712
  -2.58755	0.0186803
  -2.54864	0.0215089
  -2.50973	0.0246861
  -2.47082	0.0282399
  -2.43191	0.0322002
    -2.393	0.0365944
  -2.35409	0.0414509
  -2.31518	0.0467948
  -2.27626	0.0526511
  -2.23735	0.0590413
  -2.19844	0.0659865
  -2.15953	0.0734979
  -2.12062	0.0815864
  -2.08171	0.09026
   -2.0428	0.0995182
  -2.00389	0.109352
  -1.96498	0.119751
  -1.92607	0.130694
  -1.88716	0.142155
  -1.84825	0.154096
  -1.80934	0.166475
  -1.77043	0.179242
  -1.73152	0.192335
  -1.69261	0.205686
   -1.6537	0.219223
  -1.61479	0.232865
  -1.57588	0.246516
  -1.53696	0.260082
  -1.49805	0.273463
  -1.45914	0.286552
  -1.42023	0.299227
  -1.38132	0.311376
  -1.34241	0.322878
   -1.3035	0.333608
  -1.26459	0.343449
  -1.22568	0.352269
  -1.18677	0.359937
  -1.14786	0.366339
  -1.10895	0.371351
  -1.07004	0.374859
  -1.03113	0.376755
 -0.992218	0.376937
 -0.953307	0.375321
 -0.914397	0.37182
 -0.875486	0.366379
 -0.836576	0.358963
 -0.797665	0.34955
 -0.758755	0.338147
 -0.719844	0.324792
 -0.680934	0.309547
 -0.642023	0.292526
 -0.603113	0.273872
 -0.564202	0.253765
 -0.525292	0.232432
 -0.486381	0.210141
 -0.447471	0.187201
  -0.40856	0.163953
  -0.36965	0.140775
 -0.330739	0.118072
 -0.291829	0.0962589
 -0.252918	0.0757571
 -0.214008	0.0569878
 -0.175097	0.0403474
 -0.136187	0.0262009
-0.0972763	0.0148679
-0.0583658	0.00660854
-0.0194553	0.00161611
 0.0194553	6.2308e-006
 0.0583658	0.00181507
 0.0972763	0.00699634
  0.136187	0.015423
  0.175097	0.0268932
  0.214008	0.0411387
  0.252918	0.0578314
  0.291829	0.0766031
  0.330739	0.0970547
   0.36965	0.118766
   0.40856	0.141312
  0.447471	0.164281
  0.486381	0.187273
  0.525292	0.209915
  0.564202	0.231865
  0.603113	0.252828
  0.642023	0.272542
  0.680934	0.29078
  0.719844	0.307367
  0.758755	0.322168
  0.797665	0.335081
  0.836576	0.346049
  0.875486	0.355034
  0.914397	0.362027
  0.953307	0.367059
  0.992218	0.370172
   1.03113	0.371429
   1.07004	0.37091
   1.10895	0.368705
   1.14786	0.36492
   1.18677	0.359657
   1.22568	0.353034
   1.26459	0.345182
    1.3035	0.336219
   1.34241	0.32627
   1.38132	0.315463
   1.42023	0.303914
   1.45914	0.291754
   1.49805	0.279106
   1.53696	0.26608
   1.57588	0.252788
   1.61479	0.239341
    1.6537	0.22584
   1.69261	0.212375
   1.73152	0.199036
   1.77043	0.185903
   1.80934	0.17305
   1.84825	0.160537
   1.88716	0.148427
   1.92607	0.136765
   1.96498	0.125592
   2.00389	0.11494
    2.0428	0.104835
   2.08171	0.0952956
   2.12062	0.08633
   2.15953	0.0779411
   2.19844	0.0701307
   2.23735	0.0628897
   2.27626	0.0562066
   2.31518	0.0500639
   2.35409	0.0444437
     2.393	0.0393221
   2.43191	0.0346757
   2.47082	0.0304769
   2.50973	0.026699
   2.54864	0.0233128
   2.58755	0.0202885
   2.62646	0.0175998
   2.66537	0.0152187
   2.70428	0.0131177
   2.74319	0.0112705
    2.7821	0.00965358
   2.82101	0.00824341
   2.85992	0.00701705
   2.89883	0.00595551
   2.93774	0.00503839
   2.97665	0.00424972
   3.01556	0.00357396
   3.05447	0.00299678
   3.09339	0.00250512
    3.1323	0.00208809
   3.17121	0.00173573
   3.21012	0.00143863
   3.24903	0.00118891
   3.28794	0.000979803
   3.32685	0.000805336
   3.36576	0.000659989
   3.40467	0.000539332
   3.44358	0.000439632
   3.48249	0.000357321
    3.5214	0.000289762
   3.56031	0.000234333
   3.59922	0.000189082
   3.63813	0.000152189
   3.67704	0.000122184
   3.71595	9.78783e-005
   3.75486	7.81255e-005
   3.79377	6.2262e-005
   3.83268	4.94253e-005
    3.8716	3.91908e-005
   3.91051	3.10181e-005
   3.94942	2.44713e-005
   3.98833	1.92264e-005
   4.02724	1.50987e-005
   4.06615	1.17942e-005
   4.10506	9.23178e-006
   4.14397	7.19261e-006
   4.18288	5.60485e-006
   4.22179	4.34929e-006
    4.2607	3.37269e-006
   4.29961	2.60475e-006
   4.33852	1.999e-006
   4.37743	1.53167e-006
   4.41634	1.16278e-006
   4.45525	8.81793e-007
   4.49416	6.70596e-007
   4.53307	5.01932e-007
   4.57198	3.72776e-007
   4.61089	2.75729e-007
   4.64981	2.0218e-007
   4.68872	1.44837e-007
   4.72763	1.01419e-007
   4.76654	7.02882e-008
   4.80545	4.7322e-008
   4.84436	2.85871e-008
   4.88327	1.6291e-008
   4.92218	8.50707e-009
