        -5	2.11056e-009
  -4.96109	4.51564e-009
  -4.92218	9.73358e-009
  -4.88327	1.80461e-008
  -4.84436	2.88172e-008
  -4.80545	4.55022e-008
  -4.76654	6.90316e-008
  -4.72763	1.01223e-007
  -4.68872	1.43719e-007
  -4.64981	2.01751e-007
  -4.61089	2.78452e-007
  -4.57198	3.7859e-007
  -4.53307	5.11035e-007
  -4.49416	6.8287e-007
  -4.45525	9.07504e-007
  -4.41634	1.20007e-006
  -4.37743	1.58746e-006
  -4.33852	2.08282e-006
  -4.29961	2.73345e-006
   -4.2607	3.56405e-006
  -4.22179	4.62176e-006
  -4.18288	5.99924e-006
  -4.14397	7.7595e-006
  -4.10506	9.99273e-006
  -4.06615	1.28217e-005
  -4.02724	1.64267e-005
  -3.98833	2.09929e-005
  -3.94942	2.6722e-005
  -3.91051	3.3882e-005
   -3.8716	4.29194e-005
  -3.83268	5.41536e-005
  -3.79377	6.81936e-005
  -3.75486	8.56241e-005
  -3.71595	0.000107161
  -3.67704	0.00013375
  -3.63813	0.000166509
  -3.59922	0.000206784
  -3.56031	0.000256029
   -3.5214	0.000316293
  -3.48249	0.000389516
  -3.44358	0.000478475
  -3.40467	0.000586231
  -3.36576	0.000716328
  -3.32685	0.000872527
  -3.28794	0.00105989
  -3.24903	0.00128414
  -3.21012	0.00155137
  -3.17121	0.00186906
   -3.1323	0.00224534
  -3.09339	0.00268958
  -3.05447	0.00321249
  -3.01556	0.00382507
  -2.97665	0.00454145
  -2.93774	0.00537632
  -2.89883	0.00634566
  -2.85992	0.00746619
  -2.82101	0.00875818
   -2.7821	0.0102424
  -2.74319	0.0119404
  -2.70428	0.0138776
  -2.66537	0.0160771
  -2.62646	0.0185657
  -2.58755	0.0213707
  -2.54864	0.0245222
  -2.50973	0.0280458
  -2.47082	0.0319707
  -2.43191	0.0363252
    -2.393	0.0411345
  -2.35409	0.0464276
  -2.31518	0.0522266
  -2.27626	0.0585534
  -2.23735	0.0654275
  -2.19844	0.0728606
  -2.15953	0.0808635
  -2.12062	0.089441
  -2.08171	0.0985898
   -2.0428	0.108307
  -2.00389	0.118576
  -1.96498	0.129378
  -1.92607	0.140686
  -1.88716	0.152458
  -1.84825	0.164653
  -1.80934	0.177218
  -1.77043	0.190098
  -1.73152	0.203213
  -1.69261	0.216496
   -1.6537	0.229855
  -1.61479	0.243201
  -1.57588	0.256441
  -1.53696	0.269467
  -1.49805	0.282169
  -1.45914	0.294436
  -1.42023	0.306144
  -1.38132	0.317175
  -1.34241	0.327398
   -1.3035	0.336687
  -1.26459	0.344925
  -1.22568	0.351976
  -1.18677	0.357724
  -1.14786	0.362044
  -1.10895	0.364823
  -1.07004	0.365954
  -1.03113	0.365342
 -0.992218	0.362903
 -0.953307	0.358569
 -0.914397	0.352288
 -0.875486	0.344033
 -0.836576	0.333794
 -0.797665	0.321598
 -0.758755	0.307495
 -0.719844	0.291574
 -0.680934	0.273961
 -0.642023	0.254826
 -0.603113	0.23437
 -0.564202	0.212855
 -0.525292	0.190562
 -0.486381	0.167823
 -0.447471	0.145006
  -0.40856	0.122504
  -0.36965	0.100729
 -0.330739	0.0801075
 -0.291829	0.0610598
 -0.252918	0.0439993
 -0.214008	0.0293013
 -0.175097	0.0173083
 -0.136187	0.00830651
-0.0972763	0.00251687
-0.0583658	8.86055e-005
-0.0194553	0.00108885
 0.0194553	0.00550283
 0.0583658	0.0132349
 0.0972763	0.0241086
  0.136187	0.0378785
  0.175097	0.0542375
  0.214008	0.072826
  0.252918	0.0932564
  0.291829	0.115109
  0.330739	0.137959
   0.36965	0.161383
   0.40856	0.184972
  0.447471	0.20834
  0.486381	0.231132
  0.525292	0.25302
  0.564202	0.273741
  0.603113	0.293042
  0.642023	0.310737
  0.680934	0.326667
  0.719844	0.340715
  0.758755	0.352802
  0.797665	0.362886
  0.836576	0.37095
  0.875486	0.377009
  0.914397	0.381096
  0.953307	0.383268
  0.992218	0.383594
   1.03113	0.382165
   1.07004	0.379072
   1.10895	0.374425
   1.14786	0.368333
   1.18677	0.360925
   1.22568	0.352314
   1.26459	0.342637
    1.3035	0.332011
   1.34241	0.320561
   1.38132	0.308416
   1.42023	0.295698
   1.45914	0.282526
   1.49805	0.269018
   1.53696	0.255282
   1.57588	0.241429
   1.61479	0.227554
    1.6537	0.213748
   1.69261	0.200104
   1.73152	0.186691
   1.77043	0.17359
   1.80934	0.160862
   1.84825	0.148562
   1.88716	0.136732
   1.92607	0.125418
   1.96498	0.114648
   2.00389	0.104446
    2.0428	0.0948289
   2.08171	0.0858023
   2.12062	0.07737
   2.15953	0.0695286
   2.19844	0.0622674
   2.23735	0.0555762
   2.27626	0.0494364
   2.31518	0.0438262
   2.35409	0.0387236
     2.393	0.0340994
   2.43191	0.0299276
   2.47082	0.026179
   2.50973	0.022823
   2.54864	0.0198335
   2.58755	0.0171795
   2.62646	0.0148326
   2.66537	0.012764
   2.70428	0.01095
   2.74319	0.00936359
    2.7821	0.00798216
   2.82101	0.00678387
   2.85992	0.00574705
   2.89883	0.00485373
   2.93774	0.00408707
   2.97665	0.00343156
   3.01556	0.00287216
   3.05447	0.00239686
   3.09339	0.00199432
    3.1323	0.00165456
   3.17121	0.00136875
   3.21012	0.00112901
   3.24903	0.000928823
   3.28794	0.000762099
   3.32685	0.00062335
   3.36576	0.000508443
   3.40467	0.00041363
   3.44358	0.000335681
   3.48249	0.000271539
    3.5214	0.000219166
   3.56031	0.000176351
   3.59922	0.000141537
   3.63813	0.000113336
   3.67704	9.05262e-005
   3.71595	7.2076e-005
   3.75486	5.72067e-005
   3.79377	4.53285e-005
   3.83268	3.57739e-005
    3.8716	2.82109e-005
   3.91051	2.21734e-005
   3.94942	1.73558e-005
   3.98833	1.35494e-005
   4.02724	1.05541e-005
   4.06615	8.19322e-006
   4.10506	6.3358e-006
   4.14397	4.87775e-006
   4.18288	3.75981e-006
   4.22179	2.88657e-006
    4.2607	2.19984e-006
   4.29961	1.67819e-006
   4.33852	1.26601e-006
   4.37743	9.55758e-007
   4.41634	7.19618e-007
   4.45525	5.40159e-007
   4.49416	4.00241e-007
   4.53307	2.94796e-007
   4.57198	2.14958e-007
   4.61089	1.53152e-007
   4.64981	1.09076e-007
   4.68872	7.46301e-008
   4.72763	4.88182e-008
   4.76654	3.039e-008
   4.80545	1.89394e-008
   4.84436	1.03398e-008
   4.88327	4.73301e-009
   4.92218	1.97224e-009
