        -5	2.51521e-006
  -4.96109	2.37735e-006
  -4.92218	2.44638e-006
  -4.88327	2.71938e-006
  -4.84436	3.19321e-006
  -4.80545	3.84801e-006
  -4.76654	4.7064e-006
  -4.72763	5.72039e-006
  -4.68872	6.93668e-006
  -4.64981	8.34571e-006
  -4.61089	9.9477e-006
  -4.57198	1.17491e-005
  -4.53307	1.37279e-005
  -4.49416	1.59069e-005
  -4.45525	1.82362e-005
  -4.41634	2.07352e-005
  -4.37743	2.34571e-005
  -4.33852	2.6357e-005
  -4.29961	2.95246e-005
   -4.2607	3.29048e-005
  -4.22179	3.65953e-005
  -4.18288	4.0627e-005
  -4.14397	4.5104e-005
  -4.10506	5.01783e-005
  -4.06615	5.60408e-005
  -4.02724	6.29784e-005
  -3.98833	7.13117e-005
  -3.94942	8.1406e-005
  -3.91051	9.39528e-005
   -3.8716	0.00010969
  -3.83268	0.000129416
  -3.79377	0.000154351
  -3.75486	0.000185908
  -3.71595	0.000225826
  -3.67704	0.000276216
  -3.63813	0.000339626
  -3.59922	0.000419507
  -3.56031	0.000519129
   -3.5214	0.000643099
  -3.48249	0.000796379
  -3.44358	0.000985011
  -3.40467	0.00121617
  -3.36576	0.00149785
  -3.32685	0.0018391
  -3.28794	0.0022508
  -3.24903	0.00274473
  -3.21012	0.00333428
  -3.17121	0.00403421
   -3.1323	0.00486139
  -3.09339	0.00583427
  -3.05447	0.0069712
  -3.01556	0.00829406
  -2.97665	0.00982658
  -2.93774	0.0115918
  -2.89883	0.0136167
  -2.85992	0.0159259
  -2.82101	0.0185476
   -2.7821	0.0215078
  -2.74319	0.0248338
  -2.70428	0.028551
  -2.66537	0.0326847
  -2.62646	0.0372572
  -2.58755	0.0422888
  -2.54864	0.0477928
  -2.50973	0.0537847
  -2.47082	0.0602724
  -2.43191	0.0672529
    -2.393	0.074723
  -2.35409	0.0826676
  -2.31518	0.0910661
  -2.27626	0.0998898
  -2.23735	0.109098
  -2.19844	0.118646
  -2.15953	0.128474
  -2.12062	0.138518
  -2.08171	0.148701
   -2.0428	0.158941
  -2.00389	0.169146
  -1.96498	0.179221
  -1.92607	0.18905
  -1.88716	0.198532
  -1.84825	0.20755
  -1.80934	0.215991
  -1.77043	0.223739
  -1.73152	0.230681
  -1.69261	0.236701
   -1.6537	0.241708
  -1.61479	0.245597
  -1.57588	0.248285
  -1.53696	0.2497
  -1.49805	0.249786
  -1.45914	0.248503
  -1.42023	0.245835
  -1.38132	0.241785
  -1.34241	0.236386
   -1.3035	0.229694
  -1.26459	0.221793
  -1.22568	0.212797
  -1.18677	0.202849
  -1.14786	0.192123
  -1.10895	0.180811
  -1.07004	0.169132
  -1.03113	0.157329
 -0.992218	0.145656
 -0.953307	0.134377
 -0.914397	0.12376
 -0.875486	0.114058
 -0.836576	0.105526
 -0.797665	0.0983928
 -0.758755	0.0928537
 -0.719844	0.089072
 -0.680934	0.0871705
 -0.642023	0.0872228
 -0.603113	0.0892597
 -0.564202	0.0932552
 -0.525292	0.0991331
 -0.486381	0.106774
 -0.447471	0.116017
  -0.40856	0.12666
  -0.36965	0.138474
 -0.330739	0.151204
 -0.291829	0.164583
 -0.252918	0.178343
 -0.214008	0.192213
 -0.175097	0.205929
 -0.136187	0.21925
-0.0972763	0.231948
-0.0583658	0.243832
-0.0194553	0.254735
 0.0194553	0.264516
 0.0583658	0.27307
 0.0972763	0.280333
  0.136187	0.286262
  0.175097	0.290854
  0.214008	0.294128
  0.252918	0.296129
  0.291829	0.296932
  0.330739	0.296632
   0.36965	0.295334
   0.40856	0.29316
  0.447471	0.290243
  0.486381	0.286718
  0.525292	0.282733
  0.564202	0.278421
  0.603113	0.273912
  0.642023	0.269338
  0.680934	0.264814
  0.719844	0.260443
  0.758755	0.256314
  0.797665	0.252494
  0.836576	0.249038
  0.875486	0.245987
  0.914397	0.243356
  0.953307	0.241146
  0.992218	0.239341
   1.03113	0.237911
   1.07004	0.236814
   1.10895	0.235997
   1.14786	0.235392
   1.18677	0.234932
   1.22568	0.234542
   1.26459	0.234147
    1.3035	0.23367
   1.34241	0.233039
   1.38132	0.232183
   1.42023	0.231039
   1.45914	0.229549
   1.49805	0.227668
   1.53696	0.225351
   1.57588	0.222571
   1.61479	0.219306
    1.6537	0.215541
   1.69261	0.21128
   1.73152	0.206531
   1.77043	0.201308
   1.80934	0.195634
   1.84825	0.189545
   1.88716	0.183071
   1.92607	0.176269
   1.96498	0.169174
   2.00389	0.161839
    2.0428	0.154314
   2.08171	0.146658
   2.12062	0.138917
   2.15953	0.13115
   2.19844	0.123401
   2.23735	0.115722
   2.27626	0.108158
   2.31518	0.100752
   2.35409	0.0935411
     2.393	0.086557
   2.43191	0.0798316
   2.47082	0.073384
   2.50973	0.0672352
   2.54864	0.0614023
   2.58755	0.0558946
   2.62646	0.0507167
   2.66537	0.0458725
   2.70428	0.0413599
   2.74319	0.0371749
    2.7821	0.0333124
   2.82101	0.0297593
   2.85992	0.0265061
   2.89883	0.0235372
   2.93774	0.0208408
   2.97665	0.0183986
   3.01556	0.0161967
   3.05447	0.0142193
   3.09339	0.0124489
    3.1323	0.0108689
   3.17121	0.00946446
   3.21012	0.00822028
   3.24903	0.00712123
   3.28794	0.00615383
   3.32685	0.00530472
   3.36576	0.00456181
   3.40467	0.00391363
   3.44358	0.00334998
   3.48249	0.00286152
    3.5214	0.00243894
   3.56031	0.0020751
   3.59922	0.0017616
   3.63813	0.00149274
   3.67704	0.00126263
   3.71595	0.0010663
   3.75486	0.000899173
   3.79377	0.000757131
   3.83268	0.000637037
    3.8716	0.000535226
   3.91051	0.000449141
   3.94942	0.000376652
   3.98833	0.000315634
   4.02724	0.000264364
   4.06615	0.000221249
   4.10506	0.000185238
   4.14397	0.000154994
   4.18288	0.000129572
   4.22179	0.000108305
    4.2607	9.04922e-005
   4.29961	7.55551e-005
   4.33852	6.29736e-005
   4.37743	5.24735e-005
   4.41634	4.3638e-005
   4.45525	3.61738e-005
   4.49416	2.98956e-005
   4.53307	2.46341e-005
   4.57198	2.02e-005
   4.61089	1.64584e-005
   4.64981	1.33376e-005
   4.68872	1.07459e-005
   4.72763	8.58076e-006
   4.76654	6.81494e-006
   4.80545	5.40043e-006
   4.84436	4.29832e-006
   4.88327	3.45612e-006
   4.92218	2.87459e-006
