        -5	4.47858e-009
  -4.96109	4.21301e-009
  -4.92218	6.69434e-009
  -4.88327	1.26326e-008
  -4.84436	2.26659e-008
  -4.80545	3.69422e-008
  -4.76654	5.73659e-008
  -4.72763	8.59962e-008
  -4.68872	1.21005e-007
  -4.64981	1.70512e-007
  -4.61089	2.32954e-007
  -4.57198	3.17183e-007
  -4.53307	4.29451e-007
  -4.49416	5.72274e-007
  -4.45525	7.6781e-007
  -4.41634	1.01931e-006
  -4.37743	1.3419e-006
  -4.33852	1.75062e-006
  -4.29961	2.29145e-006
   -4.2607	2.98094e-006
  -4.22179	3.87137e-006
  -4.18288	5.01715e-006
  -4.14397	6.45965e-006
  -4.10506	8.31925e-006
  -4.06615	1.0676e-005
  -4.02724	1.36511e-005
  -3.98833	1.74382e-005
  -3.94942	2.21483e-005
  -3.91051	2.80962e-005
   -3.8716	3.55753e-005
  -3.83268	4.49838e-005
  -3.79377	5.66447e-005
  -3.75486	7.12534e-005
  -3.71595	8.93623e-005
  -3.67704	0.000111753
  -3.63813	0.000139294
  -3.59922	0.0001733
  -3.56031	0.000215048
   -3.5214	0.000266219
  -3.48249	0.000328643
  -3.44358	0.000404512
  -3.40467	0.000496633
  -3.36576	0.000608312
  -3.32685	0.000743174
  -3.28794	0.000905285
  -3.24903	0.00109998
  -3.21012	0.0013329
  -3.17121	0.00161025
   -3.1323	0.00193959
  -3.09339	0.00232998
  -3.05447	0.00279072
  -3.01556	0.00333267
  -2.97665	0.00396871
  -2.93774	0.00471134
  -2.89883	0.00557681
  -2.85992	0.00658077
  -2.82101	0.00774157
   -2.7821	0.00907941
  -2.74319	0.0106141
  -2.70428	0.0123694
  -2.66537	0.0143702
  -2.62646	0.0166419
  -2.58755	0.0192095
  -2.54864	0.0221024
  -2.50973	0.025348
  -2.47082	0.0289734
  -2.43191	0.0330079
    -2.393	0.0374789
  -2.35409	0.0424149
  -2.31518	0.0478401
  -2.27626	0.0537769
  -2.23735	0.0602465
  -2.19844	0.0672666
  -2.15953	0.0748498
  -2.12062	0.0830072
  -2.08171	0.091738
   -2.0428	0.101045
  -2.00389	0.110915
  -1.96498	0.121335
  -1.92607	0.132279
  -1.88716	0.14372
  -1.84825	0.155619
  -1.80934	0.16793
  -1.77043	0.180597
  -1.73152	0.193555
  -1.69261	0.206738
   -1.6537	0.22007
  -1.61479	0.233465
  -1.57588	0.246825
  -1.53696	0.260059
  -1.49805	0.273058
  -1.45914	0.285711
  -1.42023	0.297901
  -1.38132	0.309517
  -1.34241	0.320428
   -1.3035	0.330515
  -1.26459	0.339655
  -1.22568	0.347724
  -1.18677	0.354591
  -1.14786	0.360136
  -1.10895	0.36424
  -1.07004	0.366796
  -1.03113	0.367696
 -0.992218	0.366845
 -0.953307	0.364164
 -0.914397	0.359582
 -0.875486	0.353057
 -0.836576	0.344556
 -0.797665	0.334081
 -0.758755	0.321655
 -0.719844	0.307334
 -0.680934	0.291216
 -0.642023	0.273425
 -0.603113	0.25413
 -0.564202	0.233549
 -0.525292	0.211925
 -0.486381	0.189559
 -0.447471	0.166778
  -0.40856	0.143947
  -0.36965	0.121464
 -0.330739	0.0997349
 -0.291829	0.0791871
 -0.252918	0.0602388
 -0.214008	0.0432952
 -0.175097	0.0287298
 -0.136187	0.0168786
-0.0972763	0.00802116
-0.0583658	0.00237311
-0.0194553	7.55584e-005
 0.0194553	0.00118958
 0.0583658	0.00569525
 0.0972763	0.0134907
  0.136187	0.0243973
  0.175097	0.0381649
  0.214008	0.0544866
  0.252918	0.073005
  0.291829	0.0933299
  0.330739	0.115042
   0.36965	0.137724
   0.40856	0.160953
  0.447471	0.184324
  0.486381	0.207458
  0.525292	0.23
  0.564202	0.251642
  0.603113	0.272106
  0.642023	0.291156
  0.680934	0.308608
  0.719844	0.324305
  0.758755	0.338135
  0.797665	0.350026
  0.836576	0.359929
  0.875486	0.367838
  0.914397	0.373759
  0.953307	0.377733
  0.992218	0.379813
   1.03113	0.380069
   1.07004	0.378593
   1.10895	0.375479
   1.14786	0.37083
   1.18677	0.364761
   1.22568	0.357392
   1.26459	0.348849
    1.3035	0.339254
   1.34241	0.328724
   1.38132	0.317395
   1.42023	0.305382
   1.45914	0.292805
   1.49805	0.279782
   1.53696	0.266435
   1.57588	0.252861
   1.61479	0.239173
    1.6537	0.225468
   1.69261	0.211836
   1.73152	0.19836
   1.77043	0.185116
   1.80934	0.172175
   1.84825	0.159603
   1.88716	0.147449
   1.92607	0.135761
   1.96498	0.124577
   2.00389	0.113926
    2.0428	0.103836
   2.08171	0.0943166
   2.12062	0.0853816
   2.15953	0.0770314
   2.19844	0.0692629
   2.23735	0.0620684
   2.27626	0.0554331
   2.31518	0.0493404
   2.35409	0.0437717
     2.393	0.0387014
   2.43191	0.034105
   2.47082	0.029954
   2.50973	0.026221
   2.54864	0.022879
   2.58755	0.0198964
   2.62646	0.017247
   2.66537	0.0149029
   2.70428	0.0128368
   2.74319	0.0110213
    2.7821	0.00943318
   2.82101	0.00804862
   2.85992	0.00684574
   2.89883	0.0058055
   2.93774	0.00490778
   2.97665	0.00413676
   3.01556	0.00347651
   3.05447	0.00291292
   3.09339	0.00243405
    3.1323	0.00202794
   3.17121	0.00168453
   3.21012	0.00139522
   3.24903	0.00115262
   3.28794	0.000949388
   3.32685	0.000779886
   3.36576	0.000639095
   3.40467	0.000522395
   3.44358	0.000425855
   3.48249	0.000346178
    3.5214	0.000280708
   3.56031	0.000227055
   3.59922	0.000183286
   3.63813	0.000147529
   3.67704	0.000118433
   3.71595	9.47698e-005
   3.75486	7.57338e-005
   3.79377	6.02762e-005
   3.83268	4.78881e-005
    3.8716	3.79661e-005
   3.91051	3.00701e-005
   3.94942	2.37111e-005
   3.98833	1.86681e-005
   4.02724	1.46506e-005
   4.06615	1.14646e-005
   4.10506	8.97452e-006
   4.14397	6.98998e-006
   4.18288	5.42738e-006
   4.22179	4.20491e-006
    4.2607	3.2442e-006
   4.29961	2.50637e-006
   4.33852	1.92539e-006
   4.37743	1.47226e-006
   4.41634	1.1157e-006
   4.45525	8.47601e-007
   4.49416	6.38189e-007
   4.53307	4.79349e-007
   4.57198	3.58852e-007
   4.61089	2.62488e-007
   4.64981	1.93777e-007
   4.68872	1.39175e-007
   4.72763	9.83017e-008
   4.76654	6.83341e-008
   4.80545	4.40016e-008
   4.84436	2.67355e-008
   4.88327	1.56819e-008
   4.92218	8.58534e-009
