        -5	4.24588e-005
  -4.96109	4.64291e-005
  -4.92218	5.17175e-005
  -4.88327	5.85352e-005
  -4.84436	6.70372e-005
  -4.80545	7.74627e-005
  -4.76654	9.03221e-005
  -4.72763	0.000105925
  -4.68872	0.000124732
  -4.64981	0.00014734
  -4.61089	0.000174369
  -4.57198	0.000206699
  -4.53307	0.000245089
  -4.49416	0.00029056
  -4.45525	0.000344595
  -4.41634	0.000408297
  -4.37743	0.000483263
  -4.33852	0.000571492
  -4.29961	0.000674852
   -4.2607	0.000795852
  -4.22179	0.00093689
  -4.18288	0.00110155
  -4.14397	0.00129262
  -4.10506	0.00151458
  -4.06615	0.00177086
  -4.02724	0.00206666
  -3.98833	0.00240701
  -3.94942	0.0027979
  -3.91051	0.00324528
   -3.8716	0.00375621
  -3.83268	0.00433844
  -3.79377	0.00499906
  -3.75486	0.00574642
  -3.71595	0.006591
  -3.67704	0.00754137
  -3.63813	0.00860817
  -3.59922	0.00980178
  -3.56031	0.0111336
   -3.5214	0.0126143
  -3.48249	0.0142546
  -3.44358	0.0160666
  -3.40467	0.0180619
  -3.36576	0.0202525
  -3.32685	0.0226467
  -3.28794	0.0252567
  -3.24903	0.0280898
  -3.21012	0.0311572
  -3.17121	0.0344639
   -3.1323	0.0380166
  -3.09339	0.0418188
  -3.05447	0.0458738
  -3.01556	0.0501841
  -2.97665	0.0547487
  -2.93774	0.0595636
  -2.89883	0.0646249
  -2.85992	0.0699237
  -2.82101	0.0754497
   -2.7821	0.0811919
  -2.74319	0.0871371
  -2.70428	0.0932711
  -2.66537	0.0995749
  -2.62646	0.106027
  -2.58755	0.11261
  -2.54864	0.119299
  -2.50973	0.126073
  -2.47082	0.132907
  -2.43191	0.139773
    -2.393	0.146646
  -2.35409	0.153509
  -2.31518	0.16033
  -2.27626	0.167087
  -2.23735	0.173754
  -2.19844	0.180312
  -2.15953	0.186739
  -2.12062	0.19301
  -2.08171	0.19911
   -2.0428	0.205024
  -2.00389	0.210729
  -1.96498	0.216214
  -1.92607	0.221465
  -1.88716	0.226468
  -1.84825	0.231211
  -1.80934	0.235684
  -1.77043	0.23988
  -1.73152	0.243789
  -1.69261	0.247398
   -1.6537	0.250696
  -1.61479	0.253682
  -1.57588	0.25634
  -1.53696	0.258666
  -1.49805	0.260645
  -1.45914	0.26227
  -1.42023	0.263531
  -1.38132	0.264415
  -1.34241	0.264914
   -1.3035	0.265011
  -1.26459	0.264694
  -1.22568	0.26395
  -1.18677	0.262769
  -1.14786	0.261138
  -1.10895	0.259052
  -1.07004	0.256495
  -1.03113	0.253464
 -0.992218	0.249953
 -0.953307	0.245954
 -0.914397	0.241474
 -0.875486	0.236511
 -0.836576	0.231075
 -0.797665	0.22517
 -0.758755	0.218822
 -0.719844	0.212043
 -0.680934	0.204861
 -0.642023	0.197306
 -0.603113	0.18941
 -0.564202	0.181216
 -0.525292	0.172769
 -0.486381	0.164119
 -0.447471	0.155325
  -0.40856	0.146446
  -0.36965	0.137546
 -0.330739	0.12869
 -0.291829	0.119953
 -0.252918	0.111413
 -0.214008	0.10315
 -0.175097	0.0952433
 -0.136187	0.0877774
-0.0972763	0.0808342
-0.0583658	0.074497
-0.0194553	0.0688504
 0.0194553	0.0639666
 0.0583658	0.0599224
 0.0972763	0.0567862
  0.136187	0.0546167
  0.175097	0.0534655
  0.214008	0.0533729
  0.252918	0.0543672
  0.291829	0.0564628
  0.330739	0.0596645
   0.36965	0.0639563
   0.40856	0.0693058
  0.447471	0.0756705
  0.486381	0.0829897
  0.525292	0.0911885
  0.564202	0.100179
  0.603113	0.109861
  0.642023	0.120127
  0.680934	0.130855
  0.719844	0.141918
  0.758755	0.153189
  0.797665	0.164539
  0.836576	0.175834
  0.875486	0.186949
  0.914397	0.197757
  0.953307	0.208143
  0.992218	0.217998
   1.03113	0.227226
   1.07004	0.23573
   1.10895	0.243432
   1.14786	0.250266
   1.18677	0.25618
   1.22568	0.261129
   1.26459	0.265084
    1.3035	0.268027
   1.34241	0.26995
   1.38132	0.27085
   1.42023	0.270741
   1.45914	0.269652
   1.49805	0.26761
   1.53696	0.264655
   1.57588	0.260833
   1.61479	0.256194
    1.6537	0.250795
   1.69261	0.244705
   1.73152	0.237981
   1.77043	0.23069
   1.80934	0.222908
   1.84825	0.214703
   1.88716	0.206147
   1.92607	0.19731
   1.96498	0.18826
   2.00389	0.179071
    2.0428	0.169803
   2.08171	0.160521
   2.12062	0.151285
   2.15953	0.142145
   2.19844	0.133153
   2.23735	0.124355
   2.27626	0.115791
   2.31518	0.1075
   2.35409	0.099506
     2.393	0.0918379
   2.43191	0.0845191
   2.47082	0.0775617
   2.50973	0.0709752
   2.54864	0.0647684
   2.58755	0.0589411
   2.62646	0.0534944
   2.66537	0.0484215
   2.70428	0.0437152
   2.74319	0.0393627
    2.7821	0.0353548
   2.82101	0.0316773
   2.85992	0.028314
   2.89883	0.0252477
   2.93774	0.0224617
   2.97665	0.0199377
   3.01556	0.0176575
   3.05447	0.0156041
   3.09339	0.0137606
    3.1323	0.0121106
   3.17121	0.0106372
   3.21012	0.00932448
   3.24903	0.00815852
   3.28794	0.00712504
   3.32685	0.00621189
   3.36576	0.00540603
   3.40467	0.00469669
   3.44358	0.00407337
   3.48249	0.0035277
    3.5214	0.00305052
   3.56031	0.00263397
   3.59922	0.00227107
   3.63813	0.00195554
   3.67704	0.00168177
   3.71595	0.00144436
   3.75486	0.00123923
   3.79377	0.00106258
   3.83268	0.000910241
    3.8716	0.000779153
   3.91051	0.000666618
   3.94942	0.000570056
   3.98833	0.000487343
   4.02724	0.00041659
   4.06615	0.000356252
   4.10506	0.000304562
   4.14397	0.000260718
   4.18288	0.000223204
   4.22179	0.000191345
    4.2607	0.000164244
   4.29961	0.000141292
   4.33852	0.0001218
   4.37743	0.000105364
   4.41634	9.15101e-005
   4.45525	7.97655e-005
   4.49416	6.99092e-005
   4.53307	6.17859e-005
   4.57198	5.50437e-005
   4.61089	4.9584e-005
   4.64981	4.5208e-005
   4.68872	4.18576e-005
   4.72763	3.93865e-005
   4.76654	3.77331e-005
   4.80545	3.69093e-005
   4.84436	3.69755e-005
   4.88327	3.78618e-005
   4.92218	3.96574e-005
