        -5	7.17978e-008
  -4.96109	6.33289e-008
  -4.92218	5.90229e-008
  -4.88327	5.69985e-008
  -4.84436	5.78035e-008
  -4.80545	6.0024e-008
  -4.76654	6.52332e-008
  -4.72763	7.66454e-008
  -4.68872	8.92915e-008
  -4.64981	1.07172e-007
  -4.61089	1.33021e-007
  -4.57198	1.67614e-007
  -4.53307	2.15594e-007
  -4.49416	2.76251e-007
  -4.45525	3.57098e-007
  -4.41634	4.62776e-007
  -4.37743	6.04606e-007
  -4.33852	7.86924e-007
  -4.29961	1.02589e-006
   -4.2607	1.32918e-006
  -4.22179	1.72935e-006
  -4.18288	2.26018e-006
  -4.14397	2.92356e-006
  -4.10506	3.78174e-006
  -4.06615	4.87978e-006
  -4.02724	6.29129e-006
  -3.98833	8.08287e-006
  -3.94942	1.03802e-005
  -3.91051	1.33351e-005
   -3.8716	1.70359e-005
  -3.83268	2.17476e-005
  -3.79377	2.76903e-005
  -3.75486	3.51902e-005
  -3.71595	4.46271e-005
  -3.67704	5.64536e-005
  -3.63813	7.11707e-005
  -3.59922	8.95725e-005
  -3.56031	0.000112334
   -3.5214	0.00014054
  -3.48249	0.000175291
  -3.44358	0.000218143
  -3.40467	0.000270698
  -3.36576	0.000335026
  -3.32685	0.000413548
  -3.28794	0.000509031
  -3.24903	0.000624785
  -3.21012	0.000764757
  -3.17121	0.000933277
   -3.1323	0.00113578
  -3.09339	0.00137826
  -3.05447	0.00166761
  -3.01556	0.00201198
  -2.97665	0.00242025
  -2.93774	0.00290273
  -2.89883	0.00347055
  -2.85992	0.00413714
  -2.82101	0.00491656
   -2.7821	0.00582443
  -2.74319	0.0068789
  -2.70428	0.00809892
  -2.66537	0.00950548
  -2.62646	0.0111217
  -2.58755	0.01297
  -2.54864	0.0150775
  -2.50973	0.0174718
  -2.47082	0.0201803
  -2.43191	0.023233
    -2.393	0.0266597
  -2.35409	0.0304917
  -2.31518	0.0347562
  -2.27626	0.0394865
  -2.23735	0.0447123
  -2.19844	0.0504586
  -2.15953	0.0567528
  -2.12062	0.0636155
  -2.08171	0.0710692
   -2.0428	0.0791278
  -2.00389	0.087803
  -1.96498	0.0970977
  -1.92607	0.107015
  -1.88716	0.117546
  -1.84825	0.128682
  -1.80934	0.140399
  -1.77043	0.152666
  -1.73152	0.165453
  -1.69261	0.178715
   -1.6537	0.192395
  -1.61479	0.206437
  -1.57588	0.220769
  -1.53696	0.235321
  -1.49805	0.25001
  -1.45914	0.264743
  -1.42023	0.279422
  -1.38132	0.293951
  -1.34241	0.30822
   -1.3035	0.32212
  -1.26459	0.335533
  -1.22568	0.348335
  -1.18677	0.360415
  -1.14786	0.371644
  -1.10895	0.381897
  -1.07004	0.391051
  -1.03113	0.398982
 -0.992218	0.405573
 -0.953307	0.410701
 -0.914397	0.414258
 -0.875486	0.416135
 -0.836576	0.416232
 -0.797665	0.414465
 -0.758755	0.410756
 -0.719844	0.405042
 -0.680934	0.397279
 -0.642023	0.387457
 -0.603113	0.375571
 -0.564202	0.361657
 -0.525292	0.345769
 -0.486381	0.328015
 -0.447471	0.308512
  -0.40856	0.287443
  -0.36965	0.265027
 -0.330739	0.241515
 -0.291829	0.217203
 -0.252918	0.192429
 -0.214008	0.167557
 -0.175097	0.142992
 -0.136187	0.119146
-0.0972763	0.096439
-0.0583658	0.0753
-0.0194553	0.0561354
 0.0194553	0.0393267
 0.0583658	0.0252112
 0.0972763	0.0140765
  0.136187	0.0061402
  0.175097	0.00154799
  0.214008	0.000367615
  0.252918	0.00258303
  0.291829	0.00809658
  0.330739	0.0167332
   0.36965	0.0282495
   0.40856	0.0423392
  0.447471	0.0586449
  0.486381	0.0767809
  0.525292	0.0963315
  0.564202	0.116879
  0.603113	0.138003
  0.642023	0.159309
  0.680934	0.180408
  0.719844	0.200954
  0.758755	0.220637
  0.797665	0.239187
  0.836576	0.256374
  0.875486	0.27201
  0.914397	0.285948
  0.953307	0.298086
  0.992218	0.308353
   1.03113	0.316714
   1.07004	0.323161
   1.10895	0.327715
   1.14786	0.330419
   1.18677	0.331343
   1.22568	0.330561
   1.26459	0.328169
    1.3035	0.324279
   1.34241	0.318998
   1.38132	0.312452
   1.42023	0.304761
   1.45914	0.296047
   1.49805	0.286448
   1.53696	0.276089
   1.57588	0.265091
   1.61479	0.25358
    1.6537	0.241671
   1.69261	0.229481
   1.73152	0.217118
   1.77043	0.204684
   1.80934	0.192274
   1.84825	0.179979
   1.88716	0.167874
   1.92607	0.156035
   1.96498	0.144519
   2.00389	0.133383
    2.0428	0.122676
   2.08171	0.112437
   2.12062	0.102691
   2.15953	0.0934652
   2.19844	0.0847709
   2.23735	0.0766201
   2.27626	0.0690156
   2.31518	0.0619501
   2.35409	0.0554182
     2.393	0.0494062
   2.43191	0.0438969
   2.47082	0.0388701
   2.50973	0.0343024
   2.54864	0.0301703
   2.58755	0.0264476
   2.62646	0.0231079
   2.66537	0.0201235
   2.70428	0.0174673
   2.74319	0.0151126
    2.7821	0.0130338
   2.82101	0.0112057
   2.85992	0.00960249
   2.89883	0.00820318
   2.93774	0.00698551
   2.97665	0.00593064
   3.01556	0.00501915
   3.05447	0.00423575
   3.09339	0.00356383
    3.1323	0.00298923
   3.17121	0.00249985
   3.21012	0.00208455
   3.24903	0.00173313
   3.28794	0.00143696
   3.32685	0.0011876
   3.36576	0.000978686
   3.40467	0.00080451
   3.44358	0.000659377
   3.48249	0.000539008
    3.5214	0.000439334
   3.56031	0.000357216
   3.59922	0.000289433
   3.63813	0.000233933
   3.67704	0.000188651
   3.71595	0.000151718
   3.75486	0.000121692
   3.79377	9.73471e-005
   3.83268	7.7661e-005
    3.8716	6.18643e-005
   3.91051	4.91356e-005
   3.94942	3.88886e-005
   3.98833	3.07023e-005
   4.02724	2.41689e-005
   4.06615	1.89828e-005
   4.10506	1.48792e-005
   4.14397	1.16496e-005
   4.18288	9.09641e-006
   4.22179	7.08775e-006
    4.2607	5.50489e-006
   4.29961	4.26752e-006
   4.33852	3.29891e-006
   4.37743	2.53893e-006
   4.41634	1.96257e-006
   4.45525	1.50901e-006
   4.49416	1.15688e-006
   4.53307	8.88572e-007
   4.57198	6.8107e-007
   4.61089	5.22326e-007
   4.64981	4.00002e-007
   4.68872	3.14967e-007
   4.72763	2.45354e-007
   4.76654	1.91715e-007
   4.80545	1.52103e-007
   4.84436	1.22183e-007
   4.88327	1.00582e-007
   4.92218	8.34591e-008
