        -5	4.15588e-005
  -4.96109	4.02956e-005
  -4.92218	3.98151e-005
  -4.88327	4.00299e-005
  -4.84436	4.10122e-005
  -4.80545	4.28433e-005
  -4.76654	4.55539e-005
  -4.72763	4.92897e-005
  -4.68872	5.40942e-005
  -4.64981	6.02922e-005
  -4.61089	6.80588e-005
  -4.57198	7.76307e-005
  -4.53307	8.93723e-005
  -4.49416	0.00010368
  -4.45525	0.000121067
  -4.41634	0.000141914
  -4.37743	0.000166972
  -4.33852	0.000196908
  -4.29961	0.000232539
   -4.2607	0.000274684
  -4.22179	0.000324427
  -4.18288	0.000383161
  -4.14397	0.000451828
  -4.10506	0.000532127
  -4.06615	0.000625538
  -4.02724	0.000734113
  -3.98833	0.000859762
  -3.94942	0.00100443
  -3.91051	0.00117068
   -3.8716	0.00136115
  -3.83268	0.00157855
  -3.79377	0.0018259
  -3.75486	0.00210712
  -3.71595	0.00242499
  -3.67704	0.00278334
  -3.63813	0.00318628
  -3.59922	0.00363777
  -3.56031	0.00414247
   -3.5214	0.00470499
  -3.48249	0.00532918
  -3.44358	0.00602024
  -3.40467	0.00678314
  -3.36576	0.00762248
  -3.32685	0.00854423
  -3.28794	0.00955166
  -3.24903	0.0106489
  -3.21012	0.0118407
  -3.17121	0.0131296
   -3.1323	0.0145187
  -3.09339	0.0160094
  -3.05447	0.0176046
  -3.01556	0.0193019
  -2.97665	0.0211019
  -2.93774	0.023001
  -2.89883	0.0249969
  -2.85992	0.0270816
  -2.82101	0.0292485
   -2.7821	0.0314903
  -2.74319	0.0337952
  -2.70428	0.0361521
  -2.66537	0.0385464
  -2.62646	0.0409638
  -2.58755	0.0433908
  -2.54864	0.0458117
  -2.50973	0.0482092
  -2.47082	0.0505706
  -2.43191	0.0528785
    -2.393	0.0551255
  -2.35409	0.0573031
  -2.31518	0.0594045
  -2.27626	0.0614299
  -2.23735	0.0633832
  -2.19844	0.0652752
  -2.15953	0.0671181
  -2.12062	0.0689342
  -2.08171	0.0707523
   -2.0428	0.0726058
  -2.00389	0.0745338
  -1.96498	0.0765846
  -1.92607	0.0788024
  -1.88716	0.0812383
  -1.84825	0.083946
  -1.80934	0.0869768
  -1.77043	0.0903783
  -1.73152	0.0941968
  -1.69261	0.098471
   -1.6537	0.103228
  -1.61479	0.108485
  -1.57588	0.11425
  -1.53696	0.120514
  -1.49805	0.127251
  -1.45914	0.134431
  -1.42023	0.142001
  -1.38132	0.149894
  -1.34241	0.158034
   -1.3035	0.166333
  -1.26459	0.174691
  -1.22568	0.183008
  -1.18677	0.191178
  -1.14786	0.199099
  -1.10895	0.206667
  -1.07004	0.213794
  -1.03113	0.220396
 -0.992218	0.226399
 -0.953307	0.231753
 -0.914397	0.236422
 -0.875486	0.240387
 -0.836576	0.243658
 -0.797665	0.246258
 -0.758755	0.24823
 -0.719844	0.249637
 -0.680934	0.250562
 -0.642023	0.251098
 -0.603113	0.251348
 -0.564202	0.25143
 -0.525292	0.251463
 -0.486381	0.251559
 -0.447471	0.251831
  -0.40856	0.252383
  -0.36965	0.253298
 -0.330739	0.254651
 -0.291829	0.256497
 -0.252918	0.258867
 -0.214008	0.261767
 -0.175097	0.265185
 -0.136187	0.269084
-0.0972763	0.273394
-0.0583658	0.278043
-0.0194553	0.282931
 0.0194553	0.287949
 0.0583658	0.292973
 0.0972763	0.297884
  0.136187	0.302547
  0.175097	0.306836
  0.214008	0.310629
  0.252918	0.313817
  0.291829	0.316295
  0.330739	0.317988
   0.36965	0.318826
   0.40856	0.318758
  0.447471	0.317757
  0.486381	0.315812
  0.525292	0.312935
  0.564202	0.309148
  0.603113	0.304505
  0.642023	0.29907
  0.680934	0.292919
  0.719844	0.286144
  0.758755	0.278845
  0.797665	0.271122
  0.836576	0.263095
  0.875486	0.254875
  0.914397	0.246576
  0.953307	0.238304
  0.992218	0.230166
   1.03113	0.222256
   1.07004	0.21465
   1.10895	0.207422
   1.14786	0.200628
   1.18677	0.194307
   1.22568	0.188491
   1.26459	0.183195
    1.3035	0.178409
   1.34241	0.174124
   1.38132	0.17031
   1.42023	0.166934
   1.45914	0.163945
   1.49805	0.161294
   1.53696	0.158928
   1.57588	0.156784
   1.61479	0.154806
    1.6537	0.152933
   1.69261	0.151103
   1.73152	0.14927
   1.77043	0.147387
   1.80934	0.145407
   1.84825	0.143299
   1.88716	0.14103
   1.92607	0.138584
   1.96498	0.135937
   2.00389	0.133084
    2.0428	0.130019
   2.08171	0.126745
   2.12062	0.123273
   2.15953	0.119612
   2.19844	0.115772
   2.23735	0.111777
   2.27626	0.107643
   2.31518	0.103395
   2.35409	0.0990548
     2.393	0.0946419
   2.43191	0.0901842
   2.47082	0.0857033
   2.50973	0.0812236
   2.54864	0.0767634
   2.58755	0.0723451
   2.62646	0.0679906
   2.66537	0.0637153
   2.70428	0.0595362
   2.74319	0.0554692
    2.7821	0.0515269
   2.82101	0.0477207
   2.85992	0.0440636
   2.89883	0.0405631
   2.93774	0.0372255
   2.97665	0.0340567
   3.01556	0.0310601
   3.05447	0.0282352
   3.09339	0.0255866
    3.1323	0.0231116
   3.17121	0.0208091
   3.21012	0.0186745
   3.24903	0.0167042
   3.28794	0.0148938
   3.32685	0.0132359
   3.36576	0.011724
   3.40467	0.0103512
   3.44358	0.00910969
   3.48249	0.00799268
    3.5214	0.00698995
   3.56031	0.00609479
   3.59922	0.00529853
   3.63813	0.00459325
   3.67704	0.00397076
   3.71595	0.0034241
   3.75486	0.0029451
   3.79377	0.002527
   3.83268	0.0021636
    3.8716	0.00184873
   3.91051	0.00157691
   3.94942	0.00134346
   3.98833	0.00114297
   4.02724	0.000971459
   4.06615	0.000825172
   4.10506	0.00070064
   4.14397	0.000595094
   4.18288	0.000505534
   4.22179	0.000429723
    4.2607	0.000365699
   4.29961	0.000311713
   4.33852	0.000266145
   4.37743	0.000227712
   4.41634	0.000195488
   4.45525	0.000168269
   4.49416	0.000145335
   4.53307	0.000126005
   4.57198	0.000109763
   4.61089	9.61041e-005
   4.64981	8.45493e-005
   4.68872	7.49216e-005
   4.72763	6.68505e-005
   4.76654	6.01616e-005
   4.80545	5.45823e-005
   4.84436	5.00093e-005
   4.88327	4.64077e-005
   4.92218	4.35902e-005
