        -5	1.34618e-005
  -4.96109	1.51974e-005
  -4.92218	1.73741e-005
  -4.88327	2.0132e-005
  -4.84436	2.3536e-005
  -4.80545	2.77135e-005
  -4.76654	3.28071e-005
  -4.72763	3.89858e-005
  -4.68872	4.64189e-005
  -4.64981	5.53472e-005
  -4.61089	6.61058e-005
  -4.57198	7.90001e-005
  -4.53307	9.43324e-005
  -4.49416	0.000112533
  -4.45525	0.000134193
  -4.41634	0.000159806
  -4.37743	0.000190191
  -4.33852	0.000225992
  -4.29961	0.000268156
   -4.2607	0.000317731
  -4.22179	0.00037596
  -4.18288	0.000444294
  -4.14397	0.000524251
  -4.10506	0.000617365
  -4.06615	0.000726039
  -4.02724	0.000852193
  -3.98833	0.000999009
  -3.94942	0.00116939
  -3.91051	0.00136643
   -3.8716	0.00159409
  -3.83268	0.00185706
  -3.79377	0.00215953
  -3.75486	0.00250709
  -3.71595	0.00290528
  -3.67704	0.00336117
  -3.63813	0.0038815
  -3.59922	0.00447401
  -3.56031	0.00514788
   -3.5214	0.00591182
  -3.48249	0.0067763
  -3.44358	0.0077519
  -3.40467	0.00885013
  -3.36576	0.0100827
  -3.32685	0.0114622
  -3.28794	0.0130037
  -3.24903	0.0147196
  -3.21012	0.0166251
  -3.17121	0.0187341
   -3.1323	0.0210596
  -3.09339	0.0236182
  -3.05447	0.0264239
  -3.01556	0.0294887
  -2.97665	0.0328266
  -2.93774	0.0364501
  -2.89883	0.0403686
  -2.85992	0.0445878
  -2.82101	0.0491163
   -2.7821	0.0539558
  -2.74319	0.0591092
  -2.70428	0.0645743
  -2.66537	0.0703416
  -2.62646	0.0764019
  -2.58755	0.0827437
  -2.54864	0.0893443
  -2.50973	0.09618
  -2.47082	0.103224
  -2.43191	0.110445
    -2.393	0.117801
  -2.35409	0.125252
  -2.31518	0.132745
  -2.27626	0.140229
  -2.23735	0.147653
  -2.19844	0.154952
  -2.15953	0.162063
  -2.12062	0.168926
  -2.08171	0.175473
   -2.0428	0.181633
  -2.00389	0.187341
  -1.96498	0.192534
  -1.92607	0.197147
  -1.88716	0.201128
  -1.84825	0.204414
  -1.80934	0.206958
  -1.77043	0.208722
  -1.73152	0.209673
  -1.69261	0.209785
   -1.6537	0.209049
  -1.61479	0.207471
  -1.57588	0.205058
  -1.53696	0.201842
  -1.49805	0.197861
  -1.45914	0.193172
  -1.42023	0.187852
  -1.38132	0.181984
  -1.34241	0.17567
   -1.3035	0.169023
  -1.26459	0.162168
  -1.22568	0.155238
  -1.18677	0.148373
  -1.14786	0.141721
  -1.10895	0.135424
  -1.07004	0.129628
  -1.03113	0.124465
 -0.992218	0.120066
 -0.953307	0.116538
 -0.914397	0.113976
 -0.875486	0.112455
 -0.836576	0.112026
 -0.797665	0.112709
 -0.758755	0.114505
 -0.719844	0.117387
 -0.680934	0.121298
 -0.642023	0.126161
 -0.603113	0.131866
 -0.564202	0.138289
 -0.525292	0.145291
 -0.486381	0.152716
 -0.447471	0.160401
  -0.40856	0.168178
  -0.36965	0.175882
 -0.330739	0.183348
 -0.291829	0.190426
 -0.252918	0.196978
 -0.214008	0.202885
 -0.175097	0.20804
 -0.136187	0.212365
-0.0972763	0.215811
-0.0583658	0.218345
-0.0194553	0.219965
 0.0194553	0.220696
 0.0583658	0.220587
 0.0972763	0.219704
  0.136187	0.218149
  0.175097	0.216032
  0.214008	0.213483
  0.252918	0.210636
  0.291829	0.207642
  0.330739	0.204652
   0.36965	0.201813
   0.40856	0.199271
  0.447471	0.197153
  0.486381	0.19558
  0.525292	0.19465
  0.564202	0.194444
  0.603113	0.195017
  0.642023	0.196393
  0.680934	0.19858
  0.719844	0.201555
  0.758755	0.205273
  0.797665	0.209673
  0.836576	0.214662
  0.875486	0.220135
  0.914397	0.225979
  0.953307	0.232066
  0.992218	0.238258
   1.03113	0.244422
   1.07004	0.250422
   1.10895	0.256134
   1.14786	0.261426
   1.18677	0.266191
   1.22568	0.270324
   1.26459	0.27374
    1.3035	0.276365
   1.34241	0.278137
   1.38132	0.279013
   1.42023	0.278964
   1.45914	0.277977
   1.49805	0.276057
   1.53696	0.273207
   1.57588	0.269462
   1.61479	0.264848
    1.6537	0.259416
   1.69261	0.253222
   1.73152	0.246325
   1.77043	0.238793
   1.80934	0.230701
   1.84825	0.222126
   1.88716	0.213137
   1.92607	0.203816
   1.96498	0.194243
   2.00389	0.184493
    2.0428	0.174646
   2.08171	0.164769
   2.12062	0.154926
   2.15953	0.145188
   2.19844	0.135609
   2.23735	0.126241
   2.27626	0.117132
   2.31518	0.108326
   2.35409	0.0998551
     2.393	0.0917486
   2.43191	0.0840278
   2.47082	0.076708
   2.50973	0.0698042
   2.54864	0.0633226
   2.58755	0.0572611
   2.62646	0.0516196
   2.66537	0.0463916
   2.70428	0.0415657
   2.74319	0.0371269
    2.7821	0.0330635
   2.82101	0.0293561
   2.85992	0.0259887
   2.89883	0.0229407
   2.93774	0.0201899
   2.97665	0.0177176
   3.01556	0.0155036
   3.05447	0.013527
   3.09339	0.0117681
    3.1323	0.0102094
   3.17121	0.00883249
   3.21012	0.00761909
   3.24903	0.00655421
   3.28794	0.00562126
   3.32685	0.00480769
   3.36576	0.00410026
   3.40467	0.00348688
   3.44358	0.00295686
   3.48249	0.00250012
    3.5214	0.00210792
   3.56031	0.00177183
   3.59922	0.00148526
   3.63813	0.00124145
   3.67704	0.00103467
   3.71595	0.000859938
   3.75486	0.000712666
   3.79377	0.000589221
   3.83268	0.000485677
    3.8716	0.000399333
   3.91051	0.000327595
   3.94942	0.000268157
   3.98833	0.000218863
   4.02724	0.000178409
   4.06615	0.000145157
   4.10506	0.000118082
   4.14397	9.60437e-005
   4.18288	7.81068e-005
   4.22179	6.35996e-005
    4.2607	5.1892e-005
   4.29961	4.24797e-005
   4.33852	3.49647e-005
   4.37743	2.89547e-005
   4.41634	2.4169e-005
   4.45525	2.03701e-005
   4.49416	1.73928e-005
   4.53307	1.50951e-005
   4.57198	1.334e-005
   4.61089	1.19947e-005
   4.64981	1.10344e-005
   4.68872	1.03953e-005
   4.72763	1.00364e-005
   4.76654	9.93987e-006
   4.80545	1.0099e-005
   4.84436	1.05039e-005
   4.88327	1.11631e-005
   4.92218	1.2136e-005
