        -5	5.26112e-007
  -4.96109	4.61626e-007
  -4.92218	4.23819e-007
  -4.88327	4.23303e-007
  -4.84436	4.66252e-007
  -4.80545	5.48934e-007
  -4.76654	6.83461e-007
  -4.72763	8.81313e-007
  -4.68872	1.1601e-006
  -4.64981	1.5308e-006
  -4.61089	2.02305e-006
  -4.57198	2.6418e-006
  -4.53307	3.42541e-006
  -4.49416	4.42381e-006
  -4.45525	5.65281e-006
  -4.41634	7.23223e-006
  -4.37743	9.16921e-006
  -4.33852	1.16153e-005
  -4.29961	1.46445e-005
   -4.2607	1.83861e-005
  -4.22179	2.30326e-005
  -4.18288	2.87996e-005
  -4.14397	3.59105e-005
  -4.10506	4.47247e-005
  -4.06615	5.55259e-005
  -4.02724	6.86771e-005
  -3.98833	8.47189e-005
  -3.94942	0.000104236
  -3.91051	0.000127709
   -3.8716	0.000155789
  -3.83268	0.000189385
  -3.79377	0.000229302
  -3.75486	0.000276295
  -3.71595	0.000331239
  -3.67704	0.000395381
  -3.63813	0.000469451
  -3.59922	0.000554525
  -3.56031	0.000651186
   -3.5214	0.000760175
  -3.48249	0.000881698
  -3.44358	0.00101637
  -3.40467	0.00116359
  -3.36576	0.00132294
  -3.32685	0.00149321
  -3.28794	0.00167227
  -3.24903	0.00185792
  -3.21012	0.00204684
  -3.17121	0.00223469
   -3.1323	0.00241717
  -3.09339	0.00258783
  -3.05447	0.00274032
  -3.01556	0.00286784
  -2.97665	0.00296315
  -2.93774	0.00301872
  -2.89883	0.00302812
  -2.85992	0.00298465
  -2.82101	0.00288369
   -2.7821	0.00272307
  -2.74319	0.00250315
  -2.70428	0.00222717
  -2.66537	0.00190354
  -2.62646	0.00154597
  -2.58755	0.00117366
  -2.54864	0.000812342
  -2.50973	0.000494946
  -2.47082	0.000261594
  -2.43191	0.00016003
    -2.393	0.00024475
  -2.35409	0.000576597
  -2.31518	0.00122082
  -2.27626	0.00224737
  -2.23735	0.00372627
  -2.19844	0.00572791
  -2.15953	0.00831802
  -2.12062	0.0115553
  -2.08171	0.0154895
   -2.0428	0.020154
  -2.00389	0.0255673
  -1.96498	0.0317274
  -1.92607	0.0386081
  -1.88716	0.0461622
  -1.84825	0.0543154
  -1.80934	0.0629634
  -1.77043	0.07198
  -1.73152	0.0812169
  -1.69261	0.0905031
   -1.6537	0.0996482
  -1.61479	0.108456
  -1.57588	0.116724
  -1.53696	0.124251
  -1.49805	0.130842
  -1.45914	0.136328
  -1.42023	0.140567
  -1.38132	0.143445
  -1.34241	0.144895
   -1.3035	0.144901
  -1.26459	0.143505
  -1.22568	0.14081
  -1.18677	0.136991
  -1.14786	0.132278
  -1.10895	0.126976
  -1.07004	0.121442
  -1.03113	0.116085
 -0.992218	0.111359
 -0.953307	0.107734
 -0.914397	0.105696
 -0.875486	0.105713
 -0.836576	0.10822
 -0.797665	0.113602
 -0.758755	0.122173
 -0.719844	0.134152
 -0.680934	0.149669
 -0.642023	0.168736
 -0.603113	0.191251
 -0.564202	0.217007
 -0.525292	0.245701
 -0.486381	0.276925
 -0.447471	0.310201
  -0.40856	0.344995
  -0.36965	0.38074
 -0.330739	0.416833
 -0.291829	0.452675
 -0.252918	0.487685
 -0.214008	0.521305
 -0.175097	0.553022
 -0.136187	0.582366
-0.0972763	0.608919
-0.0583658	0.632319
-0.0194553	0.652264
 0.0194553	0.66851
 0.0583658	0.680865
 0.0972763	0.689206
  0.136187	0.693438
  0.175097	0.693542
  0.214008	0.689536
  0.252918	0.681489
  0.291829	0.669518
  0.330739	0.653787
   0.36965	0.634488
   0.40856	0.61188
  0.447471	0.586259
  0.486381	0.55796
  0.525292	0.527351
  0.564202	0.494851
  0.603113	0.460907
  0.642023	0.425982
  0.680934	0.390557
  0.719844	0.355131
  0.758755	0.320193
  0.797665	0.286209
  0.836576	0.253621
  0.875486	0.222836
  0.914397	0.194198
  0.953307	0.168002
  0.992218	0.144462
   1.03113	0.123721
   1.07004	0.10584
   1.10895	0.0908039
   1.14786	0.0785282
   1.18677	0.0688538
   1.22568	0.0615744
   1.26459	0.0564325
    1.3035	0.05314
   1.34241	0.0513927
   1.38132	0.0508745
   1.42023	0.0512753
   1.45914	0.0523028
   1.49805	0.0536908
   1.53696	0.0552001
   1.57588	0.0566291
   1.61479	0.0578145
    1.6537	0.0586323
   1.69261	0.0589934
   1.73152	0.0588449
   1.77043	0.0581683
   1.80934	0.056971
   1.84825	0.0552815
   1.88716	0.0531471
   1.92607	0.0506332
   1.96498	0.0478094
   2.00389	0.0447515
    2.0428	0.0415367
   2.08171	0.038236
   2.12062	0.0349207
   2.15953	0.0316507
   2.19844	0.028481
   2.23735	0.0254559
   2.27626	0.0226091
   2.31518	0.0199686
   2.35409	0.0175483
     2.393	0.0153584
   2.43191	0.0133989
   2.47082	0.0116641
   2.50973	0.010145
   2.54864	0.0088283
   2.58755	0.00769694
   2.62646	0.00673228
   2.66537	0.00591593
   2.70428	0.00522823
   2.74319	0.00465097
    2.7821	0.00416613
   2.82101	0.00375854
   2.85992	0.00341352
   2.89883	0.0031186
   2.93774	0.00286274
   2.97665	0.00263805
   3.01556	0.00243699
   3.05447	0.00225372
   3.09339	0.00208398
    3.1323	0.0019246
   3.17121	0.00177308
   3.21012	0.00162892
   3.24903	0.0014904
   3.28794	0.00135816
   3.32685	0.00123146
   3.36576	0.00111081
   3.40467	0.000996591
   3.44358	0.000888623
   3.48249	0.000787814
    3.5214	0.00069407
   3.56031	0.000607722
   3.59922	0.000528841
   3.63813	0.000457292
   3.67704	0.00039262
   3.71595	0.000334936
   3.75486	0.000283869
   3.79377	0.000238955
   3.83268	0.000199689
    3.8716	0.000165813
   3.91051	0.000136795
   3.94942	0.000112086
   3.98833	9.11744e-005
   4.02724	7.37574e-005
   4.06615	5.93208e-005
   4.10506	4.74174e-005
   4.14397	3.76763e-005
   4.18288	2.97972e-005
   4.22179	2.34533e-005
    4.2607	1.84273e-005
   4.29961	1.44782e-005
   4.33852	1.13602e-005
   4.37743	8.96952e-006
   4.41634	7.08555e-006
   4.45525	5.65203e-006
   4.49416	4.5461e-006
   4.53307	3.69089e-006
   4.57198	3.03887e-006
   4.61089	2.52423e-006
   4.64981	2.1036e-006
   4.68872	1.76385e-006
   4.72763	1.48323e-006
   4.76654	1.24638e-006
   4.80545	1.05005e-006
   4.84436	8.82127e-007
   4.88327	7.34096e-007
   4.92218	6.14819e-007
