        -5	2.44447e-009
  -4.96109	1.79955e-010
  -4.92218	7.26583e-010
  -4.88327	4.3461e-009
  -4.84436	1.07884e-008
  -4.80545	2.18581e-008
  -4.76654	3.83816e-008
  -4.72763	6.1012e-008
  -4.68872	9.05511e-008
  -4.64981	1.33813e-007
  -4.61089	1.89702e-007
  -4.57198	2.62485e-007
  -4.53307	3.58092e-007
  -4.49416	4.85211e-007
  -4.45525	6.56705e-007
  -4.41634	8.77998e-007
  -4.37743	1.17061e-006
  -4.33852	1.54853e-006
  -4.29961	2.0414e-006
   -4.2607	2.68581e-006
  -4.22179	3.51521e-006
  -4.18288	4.57614e-006
  -4.14397	5.93898e-006
  -4.10506	7.64971e-006
  -4.06615	9.85757e-006
  -4.02724	1.26425e-005
  -3.98833	1.61821e-005
  -3.94942	2.06825e-005
  -3.91051	2.63078e-005
   -3.8716	3.33691e-005
  -3.83268	4.22034e-005
  -3.79377	5.32485e-005
  -3.75486	6.69629e-005
  -3.71595	8.40084e-005
  -3.67704	0.000105172
  -3.63813	0.000131357
  -3.59922	0.000163478
  -3.56031	0.000203069
   -3.5214	0.000251315
  -3.48249	0.000310371
  -3.44358	0.000382275
  -3.40467	0.00046968
  -3.36576	0.000575495
  -3.32685	0.000703325
  -3.28794	0.000857093
  -3.24903	0.00104176
  -3.21012	0.0012624
  -3.17121	0.00152592
   -3.1323	0.00183899
  -3.09339	0.00220996
  -3.05447	0.00264823
  -3.01556	0.00316408
  -2.97665	0.00376986
  -2.93774	0.00447769
  -2.89883	0.00530253
  -2.85992	0.00626114
  -2.82101	0.00737059
   -2.7821	0.0086493
  -2.74319	0.0101186
  -2.70428	0.0118016
  -2.66537	0.0137205
  -2.62646	0.0159027
  -2.58755	0.0183723
  -2.54864	0.0211575
  -2.50973	0.0242862
  -2.47082	0.0277852
  -2.43191	0.0316856
    -2.393	0.0360153
  -2.35409	0.0408003
  -2.31518	0.0460656
  -2.27626	0.0518391
  -2.23735	0.05814
  -2.19844	0.064988
  -2.15953	0.0723991
  -2.12062	0.0803806
  -2.08171	0.0889431
   -2.0428	0.0980806
  -2.00389	0.107791
  -1.96498	0.118063
  -1.92607	0.128877
  -1.88716	0.140201
  -1.84825	0.152006
  -1.80934	0.164249
  -1.77043	0.176876
  -1.73152	0.189829
  -1.69261	0.203042
   -1.6537	0.216445
  -1.61479	0.229954
  -1.57588	0.243482
  -1.53696	0.256931
  -1.49805	0.270199
  -1.45914	0.283183
  -1.42023	0.295773
  -1.38132	0.307844
  -1.34241	0.319283
   -1.3035	0.329966
  -1.26459	0.339771
  -1.22568	0.348571
  -1.18677	0.35624
  -1.14786	0.362655
  -1.10895	0.367699
  -1.07004	0.371257
  -1.03113	0.373221
 -0.992218	0.373483
 -0.953307	0.371963
 -0.914397	0.368583
 -0.875486	0.363279
 -0.836576	0.356008
 -0.797665	0.346756
 -0.758755	0.335527
 -0.719844	0.32236
 -0.680934	0.307321
 -0.642023	0.290509
 -0.603113	0.272063
 -0.564202	0.25217
 -0.525292	0.231051
 -0.486381	0.208968
 -0.447471	0.186227
  -0.40856	0.163171
  -0.36965	0.140172
 -0.330739	0.117625
 -0.291829	0.0959519
 -0.252918	0.0755696
 -0.214008	0.0568958
 -0.175097	0.0403258
 -0.136187	0.026225
-0.0972763	0.0149153
-0.0583658	0.00665641
-0.0194553	0.00164484
 0.0194553	6.59069e-007
 0.0583658	0.00176303
 0.0972763	0.00689003
  0.136187	0.015259
  0.175097	0.0266717
  0.214008	0.0408643
  0.252918	0.0575138
  0.291829	0.0762573
  0.330739	0.0966928
   0.36965	0.118406
   0.40856	0.140978
  0.447471	0.163991
  0.486381	0.187048
  0.525292	0.209777
  0.564202	0.231838
  0.603113	0.252926
  0.642023	0.272777
  0.680934	0.291173
  0.719844	0.307936
  0.758755	0.322925
  0.797665	0.336041
  0.836576	0.347211
  0.875486	0.356403
  0.914397	0.363613
  0.953307	0.368867
  0.992218	0.372194
   1.03113	0.373663
   1.07004	0.373352
   1.10895	0.371348
   1.14786	0.367751
   1.18677	0.362668
   1.22568	0.356216
   1.26459	0.348515
    1.3035	0.339688
   1.34241	0.329862
   1.38132	0.319152
   1.42023	0.307692
   1.45914	0.295603
   1.49805	0.283002
   1.53696	0.270003
   1.57588	0.256722
   1.61479	0.243265
    1.6537	0.229735
   1.69261	0.216226
   1.73152	0.202824
   1.77043	0.189608
   1.80934	0.176657
   1.84825	0.164036
   1.88716	0.151801
   1.92607	0.140003
   1.96498	0.128687
   2.00389	0.117887
    2.0428	0.107624
   2.08171	0.0979243
   2.12062	0.0887946
   2.15953	0.0802444
   2.19844	0.0722729
   2.23735	0.0648727
   2.27626	0.0580368
   2.31518	0.0517457
   2.35409	0.045981
     2.393	0.0407228
   2.43191	0.0359477
   2.47082	0.0316264
   2.50973	0.0277329
   2.54864	0.0242393
   2.58755	0.0211157
   2.62646	0.0183366
   2.66537	0.0158714
   2.70428	0.0136947
   2.74319	0.0117796
    2.7821	0.0100998
   2.82101	0.00863249
   2.85992	0.00735623
   2.89883	0.00624963
   2.93774	0.00529277
   2.97665	0.00446937
   3.01556	0.0037627
   3.05447	0.00315851
   3.09339	0.00264359
    3.1323	0.00220592
   3.17121	0.0018358
   3.21012	0.00152316
   3.24903	0.0012603
   3.28794	0.00103975
   3.32685	0.000855463
   3.36576	0.000701844
   3.40467	0.000574308
   3.44358	0.000468675
   3.48249	0.000381644
    3.5214	0.000309737
   3.56031	0.000250849
   3.59922	0.00020249
   3.63813	0.00016303
   3.67704	0.000130966
   3.71595	0.000104971
   3.75486	8.3892e-005
   3.79377	6.68932e-005
   3.83268	5.32091e-005
    3.8716	4.22235e-005
   3.91051	3.33713e-005
   3.94942	2.63243e-005
   3.98833	2.07291e-005
   4.02724	1.62627e-005
   4.06615	1.27635e-005
   4.10506	9.96855e-006
   4.14397	7.76754e-006
   4.18288	6.02858e-006
   4.22179	4.65919e-006
    4.2607	3.59241e-006
   4.29961	2.76298e-006
   4.33852	2.11353e-006
   4.37743	1.61387e-006
   4.41634	1.222e-006
   4.45525	9.24735e-007
   4.49416	6.98367e-007
   4.53307	5.25144e-007
   4.57198	3.91545e-007
   4.61089	2.86163e-007
   4.64981	2.10506e-007
   4.68872	1.51636e-007
   4.72763	1.06015e-007
   4.76654	7.18351e-008
   4.80545	4.82899e-008
   4.84436	3.01729e-008
   4.88327	1.65566e-008
   4.92218	8.11317e-009
