        -5	4.7602e-009
  -4.96109	9.73806e-010
  -4.92218	5.37969e-010
  -4.88327	4.16328e-009
  -4.84436	1.18872e-008
  -4.80545	2.49734e-008
  -4.76654	4.33782e-008
  -4.72763	6.96052e-008
  -4.68872	1.03699e-007
  -4.64981	1.50387e-007
  -4.61089	2.08542e-007
  -4.57198	2.88888e-007
  -4.53307	3.96072e-007
  -4.49416	5.31282e-007
  -4.45525	7.15113e-007
  -4.41634	9.43722e-007
  -4.37743	1.23826e-006
  -4.33852	1.61804e-006
  -4.29961	2.10485e-006
   -4.2607	2.72779e-006
  -4.22179	3.52585e-006
  -4.18288	4.53976e-006
  -4.14397	5.83597e-006
  -4.10506	7.47266e-006
  -4.06615	9.53284e-006
  -4.02724	1.21778e-005
  -3.98833	1.55316e-005
  -3.94942	1.97233e-005
  -3.91051	2.49773e-005
   -3.8716	3.16058e-005
  -3.83268	3.98842e-005
  -3.79377	5.02445e-005
  -3.75486	6.31449e-005
  -3.71595	7.91946e-005
  -3.67704	9.90821e-005
  -3.63813	0.000123688
  -3.59922	0.000154032
  -3.56031	0.0001912
   -3.5214	0.000236946
  -3.48249	0.000292849
  -3.44358	0.000360872
  -3.40467	0.000443713
  -3.36576	0.000544198
  -3.32685	0.000665637
  -3.28794	0.000812116
  -3.24903	0.000988077
  -3.21012	0.00119902
  -3.17121	0.00145081
   -3.1323	0.00175081
  -3.09339	0.0021065
  -3.05447	0.00252704
  -3.01556	0.00302335
  -2.97665	0.00360629
  -2.93774	0.00428832
  -2.89883	0.0050848
  -2.85992	0.0060108
  -2.82101	0.00708397
   -2.7821	0.00832298
  -2.74319	0.00974846
  -2.70428	0.0113822
  -2.66537	0.0132478
  -2.62646	0.0153699
  -2.58755	0.0177738
  -2.54864	0.0204889
  -2.50973	0.0235424
  -2.47082	0.0269626
  -2.43191	0.0307757
    -2.393	0.0350125
  -2.35409	0.0397001
  -2.31518	0.0448646
  -2.27626	0.0505311
  -2.23735	0.0567216
  -2.19844	0.0634558
  -2.15953	0.0707496
  -2.12062	0.078614
  -2.08171	0.0870592
   -2.0428	0.0960831
  -2.00389	0.10568
  -1.96498	0.115844
  -1.92607	0.126555
  -1.88716	0.137785
  -1.84825	0.149504
  -1.80934	0.16167
  -1.77043	0.174234
  -1.73152	0.18714
  -1.69261	0.200323
   -1.6537	0.21371
  -1.61479	0.227223
  -1.57588	0.240766
  -1.53696	0.254255
  -1.49805	0.267588
  -1.45914	0.280651
  -1.42023	0.293341
  -1.38132	0.305541
  -1.34241	0.31713
   -1.3035	0.327988
  -1.26459	0.337989
  -1.22568	0.34701
  -1.18677	0.354926
  -1.14786	0.361613
  -1.10895	0.366954
  -1.07004	0.37083
  -1.03113	0.373125
 -0.992218	0.373742
 -0.953307	0.372594
 -0.914397	0.369599
 -0.875486	0.364688
 -0.836576	0.357821
 -0.797665	0.34897
 -0.758755	0.338139
 -0.719844	0.325354
 -0.680934	0.310679
 -0.642023	0.294206
 -0.603113	0.276072
 -0.564202	0.256454
 -0.525292	0.235558
 -0.486381	0.213647
 -0.447471	0.191012
  -0.40856	0.167986
  -0.36965	0.144939
 -0.330739	0.122265
 -0.291829	0.100376
 -0.252918	0.0796917
 -0.214008	0.0606315
 -0.175097	0.043596
 -0.136187	0.0289577
-0.0972763	0.0170459
-0.0583658	0.00813763
-0.0194553	0.00243941
 0.0194553	8.78197e-005
 0.0583658	0.00113836
 0.0972763	0.00556598
  0.136187	0.0132642
  0.175097	0.0240505
  0.214008	0.0376735
  0.252918	0.0538222
  0.291829	0.0721398
  0.330739	0.0922331
   0.36965	0.113692
   0.40856	0.136091
  0.447471	0.159015
  0.486381	0.182066
  0.525292	0.204861
  0.564202	0.22706
  0.603113	0.24835
  0.642023	0.26846
  0.680934	0.28716
  0.719844	0.304262
  0.758755	0.319619
  0.797665	0.333119
  0.836576	0.344693
  0.875486	0.354294
  0.914397	0.361914
  0.953307	0.367575
  0.992218	0.37131
   1.03113	0.373168
   1.07004	0.373228
   1.10895	0.371581
   1.14786	0.368322
   1.18677	0.363559
   1.22568	0.357405
   1.26459	0.349978
    1.3035	0.341402
   1.34241	0.331799
   1.38132	0.321295
   1.42023	0.310016
   1.45914	0.298076
   1.49805	0.285602
   1.53696	0.272712
   1.57588	0.259511
   1.61479	0.246111
    1.6537	0.232613
   1.69261	0.219114
   1.73152	0.205704
   1.77043	0.192465
   1.80934	0.179472
   1.84825	0.166794
   1.88716	0.154488
   1.92607	0.142607
   1.96498	0.131199
   2.00389	0.120295
    2.0428	0.109923
   2.08171	0.100109
   2.12062	0.0908624
   2.15953	0.0821922
   2.19844	0.0740989
   2.23735	0.0665777
   2.27626	0.0596193
   2.31518	0.0532092
   2.35409	0.0473297
     2.393	0.0419609
   2.43191	0.0370753
   2.47082	0.03265
   2.50973	0.0286582
   2.54864	0.0250738
   2.58755	0.0218657
   2.62646	0.0190063
   2.66537	0.0164678
   2.70428	0.0142226
   2.74319	0.0122448
    2.7821	0.0105087
   2.82101	0.00899087
   2.85992	0.00766827
   2.89883	0.00652105
   2.93774	0.00552817
   2.97665	0.00467212
   3.01556	0.00393746
   3.05447	0.00330862
   3.09339	0.0027718
    3.1323	0.00231561
   3.17121	0.00192886
   3.21012	0.00160229
   3.24903	0.00132724
   3.28794	0.00109647
   3.32685	0.000903338
   3.36576	0.000742257
   3.40467	0.000608497
   3.44358	0.000497406
   3.48249	0.000405495
    3.5214	0.000329923
   3.56031	0.000267668
   3.59922	0.000216599
   3.63813	0.000174858
   3.67704	0.000140798
   3.71595	0.00011311
   3.75486	9.06366e-005
   3.79377	7.24781e-005
   3.83268	5.77995e-005
    3.8716	4.60337e-005
   3.91051	3.65745e-005
   3.94942	2.89454e-005
   3.98833	2.28544e-005
   4.02724	1.80416e-005
   4.06615	1.42115e-005
   4.10506	1.11579e-005
   4.14397	8.74929e-006
   4.18288	6.84074e-006
   4.22179	5.33946e-006
    4.2607	4.15784e-006
   4.29961	3.23026e-006
   4.33852	2.50547e-006
   4.37743	1.93946e-006
   4.41634	1.48394e-006
   4.45525	1.13991e-006
   4.49416	8.65641e-007
   4.53307	6.53796e-007
   4.57198	4.95776e-007
   4.61089	3.70661e-007
   4.64981	2.75842e-007
   4.68872	2.01545e-007
   4.72763	1.45288e-007
   4.76654	1.01154e-007
   4.80545	6.83602e-008
   4.84436	4.27616e-008
   4.88327	2.43418e-008
   4.92218	1.2788e-008
