        -5	1.12953e-008
  -4.96109	1.87577e-008
  -4.92218	3.06589e-008
  -4.88327	4.68188e-008
  -4.84436	7.16828e-008
  -4.80545	1.03453e-007
  -4.76654	1.45187e-007
  -4.72763	2.03784e-007
  -4.68872	2.81011e-007
  -4.64981	3.82456e-007
  -4.61089	5.11315e-007
  -4.57198	6.84168e-007
  -4.53307	9.0474e-007
  -4.49416	1.18809e-006
  -4.45525	1.54391e-006
  -4.41634	2.00808e-006
  -4.37743	2.6059e-006
  -4.33852	3.38083e-006
  -4.29961	4.35952e-006
   -4.2607	5.61767e-006
  -4.22179	7.2178e-006
  -4.18288	9.25771e-006
  -4.14397	1.18099e-005
  -4.10506	1.50359e-005
  -4.06615	1.9125e-005
  -4.02724	2.42139e-005
  -3.98833	3.06284e-005
  -3.94942	3.86169e-005
  -3.91051	4.86077e-005
   -3.8716	6.10037e-005
  -3.83268	7.64163e-005
  -3.79377	9.54429e-005
  -3.75486	0.000119027
  -3.71595	0.000147929
  -3.67704	0.000183498
  -3.63813	0.000227095
  -3.59922	0.000280283
  -3.56031	0.000345021
   -3.5214	0.000423767
  -3.48249	0.000519179
  -3.44358	0.000634331
  -3.40467	0.000772694
  -3.36576	0.000938744
  -3.32685	0.00113744
  -3.28794	0.00137485
  -3.24903	0.00165728
  -3.21012	0.00199222
  -3.17121	0.00238766
   -3.1323	0.00285364
  -3.09339	0.003401
  -3.05447	0.0040416
  -3.01556	0.00478872
  -2.97665	0.00565715
  -2.93774	0.00666408
  -2.89883	0.00782566
  -2.85992	0.00916242
  -2.82101	0.0106954
   -2.7821	0.0124453
  -2.74319	0.0144378
  -2.70428	0.0166971
  -2.66537	0.0192481
  -2.62646	0.0221206
  -2.58755	0.0253399
  -2.54864	0.0289346
  -2.50973	0.0329329
  -2.47082	0.0373633
  -2.43191	0.0422511
    -2.393	0.0476215
  -2.35409	0.0534994
  -2.31518	0.0599066
  -2.27626	0.0668594
  -2.23735	0.0743704
  -2.19844	0.0824471
  -2.15953	0.0910961
  -2.12062	0.100317
  -2.08171	0.110105
   -2.0428	0.120443
  -2.00389	0.131311
  -1.96498	0.142682
  -1.92607	0.154521
  -1.88716	0.166784
  -1.84825	0.179416
  -1.80934	0.192367
  -1.77043	0.205562
  -1.73152	0.218928
  -1.69261	0.232389
   -1.6537	0.245846
  -1.61479	0.259213
  -1.57588	0.272387
  -1.53696	0.285254
  -1.49805	0.297712
  -1.45914	0.309642
  -1.42023	0.32092
  -1.38132	0.331432
  -1.34241	0.341052
   -1.3035	0.349659
  -1.26459	0.357121
  -1.22568	0.363323
  -1.18677	0.368144
  -1.14786	0.371478
  -1.10895	0.373213
  -1.07004	0.373253
  -1.03113	0.371505
 -0.992218	0.367897
 -0.953307	0.362372
 -0.914397	0.354894
 -0.875486	0.345447
 -0.836576	0.334033
 -0.797665	0.320695
 -0.758755	0.305505
 -0.719844	0.288566
 -0.680934	0.270022
 -0.642023	0.250057
 -0.603113	0.228903
 -0.564202	0.206815
 -0.525292	0.184111
 -0.486381	0.161127
 -0.447471	0.138239
  -0.40856	0.115844
  -0.36965	0.0943595
 -0.330739	0.0742016
 -0.291829	0.0557817
 -0.252918	0.0394952
 -0.214008	0.0256996
 -0.175097	0.0147076
 -0.136187	0.00677531
-0.0972763	0.00209116
-0.0583658	0.000766929
-0.0194553	0.0028337
 0.0194553	0.00824226
 0.0583658	0.0168646
 0.0972763	0.0284986
  0.136187	0.0428741
  0.175097	0.0596669
  0.214008	0.0785087
  0.252918	0.0990046
  0.291829	0.120735
  0.330739	0.143282
   0.36965	0.166234
   0.40856	0.189197
  0.447471	0.211801
  0.486381	0.233708
  0.525292	0.254626
  0.564202	0.274286
  0.603113	0.292479
  0.642023	0.309025
  0.680934	0.323789
  0.719844	0.336668
  0.758755	0.347604
  0.797665	0.356565
  0.836576	0.363542
  0.875486	0.368561
  0.914397	0.37167
  0.953307	0.372927
  0.992218	0.372409
   1.03113	0.370202
   1.07004	0.366415
   1.10895	0.361155
   1.14786	0.354543
   1.18677	0.346694
   1.22568	0.337732
   1.26459	0.327776
    1.3035	0.316959
   1.34241	0.305402
   1.38132	0.293231
   1.42023	0.28056
   1.45914	0.267507
   1.49805	0.25419
   1.53696	0.240706
   1.57588	0.227161
   1.61479	0.213652
    1.6537	0.20026
   1.69261	0.187074
   1.73152	0.174163
   1.77043	0.161589
   1.80934	0.149418
   1.84825	0.137693
   1.88716	0.126455
   1.92607	0.115739
   1.96498	0.105572
   2.00389	0.0959708
    2.0428	0.0869443
   2.08171	0.0785008
   2.12062	0.0706377
   2.15953	0.0633476
   2.19844	0.0566157
   2.23735	0.050427
   2.27626	0.0447628
   2.31518	0.0396025
   2.35409	0.0349204
     2.393	0.0306893
   2.43191	0.0268809
   2.47082	0.0234687
   2.50973	0.0204221
   2.54864	0.0177135
   2.58755	0.0153135
   2.62646	0.0131975
   2.66537	0.0113368
   2.70428	0.00970748
   2.74319	0.00828708
    2.7821	0.00705163
   2.82101	0.0059821
   2.85992	0.00505961
   2.89883	0.00426575
   2.93774	0.00358598
   2.97665	0.00300556
   3.01556	0.00251167
   3.05447	0.00209258
   3.09339	0.00173851
    3.1323	0.0014403
   3.17121	0.00118969
   3.21012	0.000979786
   3.24903	0.000804668
   3.28794	0.000659237
   3.32685	0.000538777
   3.36576	0.00043919
   3.40467	0.000356976
   3.44358	0.000289314
   3.48249	0.000233897
    3.5214	0.000188645
   3.56031	0.000151736
   3.59922	0.000121719
   3.63813	9.74061e-005
   3.67704	7.78208e-005
   3.71595	6.19243e-005
   3.75486	4.92337e-005
   3.79377	3.90169e-005
   3.83268	3.08538e-005
    3.8716	2.4351e-005
   3.91051	1.91758e-005
   3.94942	1.50529e-005
   3.98833	1.18261e-005
   4.02724	9.23752e-006
   4.06615	7.21585e-006
   4.10506	5.62905e-006
   4.14397	4.37425e-006
   4.18288	3.3848e-006
   4.22179	2.61316e-006
    4.2607	2.01877e-006
   4.29961	1.55259e-006
   4.33852	1.19095e-006
   4.37743	9.09208e-007
   4.41634	6.93753e-007
   4.45525	5.24636e-007
   4.49416	3.94881e-007
   4.53307	2.94391e-007
   4.57198	2.18437e-007
   4.61089	1.57789e-007
   4.64981	1.10377e-007
   4.68872	7.60477e-008
   4.72763	5.06611e-008
   4.76654	3.2401e-008
   4.80545	1.91274e-008
   4.84436	1.17524e-008
   4.88327	7.95869e-009
   4.92218	7.6262e-009
