        -5	3.79864e-006
  -4.96109	4.69129e-006
  -4.92218	5.96326e-006
  -4.88327	7.61765e-006
  -4.84436	9.72112e-006
  -4.80545	1.23133e-005
  -4.76654	1.55194e-005
  -4.72763	1.93645e-005
  -4.68872	2.4044e-005
  -4.64981	2.9594e-005
  -4.61089	3.62831e-005
  -4.57198	4.41841e-005
  -4.53307	5.35517e-005
  -4.49416	6.47322e-005
  -4.45525	7.80253e-005
  -4.41634	9.3741e-005
  -4.37743	0.000112394
  -4.33852	0.000134406
  -4.29961	0.000160516
   -4.2607	0.000191233
  -4.22179	0.000227454
  -4.18288	0.000270396
  -4.14397	0.000320935
  -4.10506	0.000380426
  -4.06615	0.000450226
  -4.02724	0.000532137
  -3.98833	0.000627891
  -3.94942	0.000739799
  -3.91051	0.000870223
   -3.8716	0.00102163
  -3.83268	0.00119723
  -3.79377	0.00140025
  -3.75486	0.00163439
  -3.71595	0.00190361
  -3.67704	0.00221206
  -3.63813	0.00256488
  -3.59922	0.00296638
  -3.56031	0.00342176
   -3.5214	0.00393694
  -3.48249	0.00451762
  -3.44358	0.00516973
  -3.40467	0.00589931
  -3.36576	0.00671286
  -3.32685	0.00761538
  -3.28794	0.00861468
  -3.24903	0.00971665
  -3.21012	0.0109261
  -3.17121	0.0122487
   -3.1323	0.0136897
  -3.09339	0.0152536
  -3.05447	0.0169444
  -3.01556	0.0187664
  -2.97665	0.02072
  -2.93774	0.0228075
  -2.89883	0.025031
  -2.85992	0.0273896
  -2.82101	0.0298824
   -2.7821	0.0325076
  -2.74319	0.0352616
  -2.70428	0.0381405
  -2.66537	0.0411399
  -2.62646	0.0442527
  -2.58755	0.0474719
  -2.54864	0.050789
  -2.50973	0.0541954
  -2.47082	0.0576797
  -2.43191	0.0612318
    -2.393	0.0648377
  -2.35409	0.0684905
  -2.31518	0.0721732
  -2.27626	0.0758702
  -2.23735	0.07957
  -2.19844	0.0832562
  -2.15953	0.0869158
  -2.12062	0.0905343
  -2.08171	0.0940986
   -2.0428	0.0975957
  -2.00389	0.101017
  -1.96498	0.104353
  -1.92607	0.107599
  -1.88716	0.110752
  -1.84825	0.113813
  -1.80934	0.116787
  -1.77043	0.119684
  -1.73152	0.122516
  -1.69261	0.125307
   -1.6537	0.128085
  -1.61479	0.13088
  -1.57588	0.13373
  -1.53696	0.13668
  -1.49805	0.139781
  -1.45914	0.143082
  -1.42023	0.146642
  -1.38132	0.150527
  -1.34241	0.154798
   -1.3035	0.159513
  -1.26459	0.164735
  -1.22568	0.170518
  -1.18677	0.176913
  -1.14786	0.18396
  -1.10895	0.191691
  -1.07004	0.200134
  -1.03113	0.209293
 -0.992218	0.219164
 -0.953307	0.229721
 -0.914397	0.240933
 -0.875486	0.252742
 -0.836576	0.265081
 -0.797665	0.277865
 -0.758755	0.290993
 -0.719844	0.304352
 -0.680934	0.317816
 -0.642023	0.331248
 -0.603113	0.344506
 -0.564202	0.357431
 -0.525292	0.369879
 -0.486381	0.381682
 -0.447471	0.392675
  -0.40856	0.402712
  -0.36965	0.411637
 -0.330739	0.419305
 -0.291829	0.425575
 -0.252918	0.430321
 -0.214008	0.433418
 -0.175097	0.434773
 -0.136187	0.434301
-0.0972763	0.431925
-0.0583658	0.4276
-0.0194553	0.421299
 0.0194553	0.413023
 0.0583658	0.402793
 0.0972763	0.39067
  0.136187	0.376723
  0.175097	0.361064
  0.214008	0.343844
  0.252918	0.32523
  0.291829	0.305431
  0.330739	0.284677
   0.36965	0.263233
   0.40856	0.241377
  0.447471	0.219426
  0.486381	0.197692
  0.525292	0.176493
  0.564202	0.156156
  0.603113	0.13699
  0.642023	0.119287
  0.680934	0.103312
  0.719844	0.0892925
  0.758755	0.0774134
  0.797665	0.0678115
  0.836576	0.0605673
  0.875486	0.0557079
  0.914397	0.0532017
  0.953307	0.0529645
  0.992218	0.0548602
   1.03113	0.0587077
   1.07004	0.0642871
   1.10895	0.0713519
   1.14786	0.0796315
   1.18677	0.0888439
   1.22568	0.0987028
   1.26459	0.108928
    1.3035	0.119249
   1.34241	0.129414
   1.38132	0.139191
   1.42023	0.148383
   1.45914	0.156814
   1.49805	0.16434
   1.53696	0.170847
   1.57588	0.176252
   1.61479	0.180501
    1.6537	0.183564
   1.69261	0.185436
   1.73152	0.186143
   1.77043	0.185718
   1.80934	0.184216
   1.84825	0.181704
   1.88716	0.178264
   1.92607	0.173982
   1.96498	0.168951
   2.00389	0.163268
    2.0428	0.157035
   2.08171	0.150347
   2.12062	0.143303
   2.15953	0.135993
   2.19844	0.12851
   2.23735	0.120931
   2.27626	0.113339
   2.31518	0.1058
   2.35409	0.098373
     2.393	0.091117
   2.43191	0.084078
   2.47082	0.0772962
   2.50973	0.0708037
   2.54864	0.0646248
   2.58755	0.0587805
   2.62646	0.0532809
   2.66537	0.0481313
   2.70428	0.043337
   2.74319	0.038894
    2.7821	0.0347967
   2.82101	0.0310341
   2.85992	0.0275955
   2.89883	0.0244634
   2.93774	0.0216247
   2.97665	0.0190628
   3.01556	0.016757
   3.05447	0.0146905
   3.09339	0.0128445
    3.1323	0.0112022
   3.17121	0.00974519
   3.21012	0.00845822
   3.24903	0.00732363
   3.28794	0.00632636
   3.32685	0.00545352
   3.36576	0.00469102
   3.40467	0.0040271
   3.44358	0.00345
   3.48249	0.00295005
    3.5214	0.00251722
   3.56031	0.00214445
   3.59922	0.00182382
   3.63813	0.00154824
   3.67704	0.00131217
   3.71595	0.00111028
   3.75486	0.00093805
   3.79377	0.000791336
   3.83268	0.000666755
    3.8716	0.00056062
   3.91051	0.000470621
   3.94942	0.000394528
   3.98833	0.000330145
   4.02724	0.000275761
   4.06615	0.000229913
   4.10506	0.000191253
   4.14397	0.00015877
   4.18288	0.000131416
   4.22179	0.000108454
    4.2607	8.92218e-005
   4.29961	7.31178e-005
   4.33852	5.9669e-005
   4.37743	4.84567e-005
   4.41634	3.91193e-005
   4.45525	3.13831e-005
   4.49416	2.50499e-005
   4.53307	1.98281e-005
   4.57198	1.55432e-005
   4.61089	1.20892e-005
   4.64981	9.31909e-006
   4.68872	7.1551e-006
   4.72763	5.49696e-006
   4.76654	4.30004e-006
   4.80545	3.52434e-006
   4.84436	3.0935e-006
   4.88327	3.00263e-006
   4.92218	3.23165e-006
