        -5	1.33351e-008
  -4.96109	1.04455e-008
  -4.92218	1.07034e-008
  -4.88327	1.37489e-008
  -4.84436	2.15615e-008
  -4.80545	3.23403e-008
  -4.76654	4.92598e-008
  -4.72763	7.32242e-008
  -4.68872	1.05585e-007
  -4.64981	1.45797e-007
  -4.61089	2.00507e-007
  -4.57198	2.73691e-007
  -4.53307	3.72962e-007
  -4.49416	4.96623e-007
  -4.45525	6.61205e-007
  -4.41634	8.77377e-007
  -4.37743	1.15062e-006
  -4.33852	1.50739e-006
  -4.29961	1.97816e-006
   -4.2607	2.59435e-006
  -4.22179	3.37667e-006
  -4.18288	4.38158e-006
  -4.14397	5.6747e-006
  -4.10506	7.34421e-006
  -4.06615	9.46093e-006
  -4.02724	1.21827e-005
  -3.98833	1.56379e-005
  -3.94942	1.99992e-005
  -3.91051	2.54423e-005
   -3.8716	3.23384e-005
  -3.83268	4.09835e-005
  -3.79377	5.1798e-005
  -3.75486	6.52658e-005
  -3.71595	8.19734e-005
  -3.67704	0.000102674
  -3.63813	0.000128236
  -3.59922	0.000159736
  -3.56031	0.000198569
   -3.5214	0.000246146
  -3.48249	0.000304215
  -3.44358	0.000375109
  -3.40467	0.000461021
  -3.36576	0.000565354
  -3.32685	0.000691316
  -3.28794	0.000842898
  -3.24903	0.00102487
  -3.21012	0.0012427
  -3.17121	0.00150245
   -3.1323	0.00181133
  -3.09339	0.00217707
  -3.05447	0.00260952
  -3.01556	0.00311871
  -2.97665	0.00371601
  -2.93774	0.00441524
  -2.89883	0.00523029
  -2.85992	0.00617678
  -2.82101	0.00727147
   -2.7821	0.00853495
  -2.74319	0.00998658
  -2.70428	0.0116489
  -2.66537	0.0135447
  -2.62646	0.0156983
  -2.58755	0.0181363
  -2.54864	0.0208854
  -2.50973	0.0239729
  -2.47082	0.0274281
  -2.43191	0.0312779
    -2.393	0.0355509
  -2.35409	0.0402746
  -2.31518	0.0454718
  -2.27626	0.0511702
  -2.23735	0.0573883
  -2.19844	0.0641437
  -2.15953	0.0714525
  -2.12062	0.0793272
  -2.08171	0.0877714
   -2.0428	0.0967822
  -2.00389	0.106357
  -1.96498	0.116481
  -1.92607	0.127137
  -1.88716	0.138297
  -1.84825	0.149926
  -1.80934	0.161979
  -1.77043	0.174409
  -1.73152	0.187154
  -1.69261	0.200148
   -1.6537	0.213313
  -1.61479	0.226572
  -1.57588	0.239835
  -1.53696	0.253005
  -1.49805	0.265982
  -1.45914	0.278657
  -1.42023	0.290916
  -1.38132	0.302638
  -1.34241	0.31371
   -1.3035	0.324004
  -1.26459	0.333396
  -1.22568	0.341766
  -1.18677	0.348979
  -1.14786	0.354925
  -1.10895	0.359481
  -1.07004	0.362533
  -1.03113	0.363968
 -0.992218	0.363697
 -0.953307	0.361635
 -0.914397	0.357706
 -0.875486	0.351862
 -0.836576	0.344058
 -0.797665	0.334292
 -0.758755	0.322582
 -0.719844	0.308973
 -0.680934	0.293539
 -0.642023	0.276404
 -0.603113	0.257725
 -0.564202	0.237696
 -0.525292	0.216557
 -0.486381	0.194583
 -0.447471	0.172094
  -0.40856	0.149446
  -0.36965	0.12702
 -0.330739	0.105221
 -0.291829	0.0844641
 -0.252918	0.0651733
 -0.214008	0.0477526
 -0.175097	0.032587
 -0.136187	0.020021
-0.0972763	0.0103516
-0.0583658	0.00381473
-0.0194553	0.000574628
 0.0194553	0.000717945
 0.0583658	0.00425064
 0.0972763	0.0110973
  0.136187	0.0211034
  0.175097	0.0340439
  0.214008	0.0496299
  0.252918	0.0675235
  0.291829	0.0873423
  0.330739	0.108682
   0.36965	0.131122
   0.40856	0.154248
  0.447471	0.177647
  0.486381	0.20093
  0.525292	0.22374
  0.564202	0.245751
  0.603113	0.266681
  0.642023	0.28628
  0.680934	0.304341
  0.719844	0.320702
  0.758755	0.33524
  0.797665	0.347868
  0.836576	0.358522
  0.875486	0.367189
  0.914397	0.373866
  0.953307	0.378587
  0.992218	0.3814
   1.03113	0.382363
   1.07004	0.381561
   1.10895	0.379088
   1.14786	0.375051
   1.18677	0.369547
   1.22568	0.362703
   1.26459	0.354633
    1.3035	0.345458
   1.34241	0.335309
   1.38132	0.324299
   1.42023	0.312553
   1.45914	0.300195
   1.49805	0.287346
   1.53696	0.274117
   1.57588	0.260617
   1.61479	0.246958
    1.6537	0.23323
   1.69261	0.219533
   1.73152	0.205951
   1.77043	0.192566
   1.80934	0.179451
   1.84825	0.166672
   1.88716	0.154285
   1.92607	0.142344
   1.96498	0.130887
   2.00389	0.119951
    2.0428	0.109558
   2.08171	0.0997282
   2.12062	0.0904779
   2.15953	0.081811
   2.19844	0.0737251
   2.23735	0.0662142
   2.27626	0.0592722
   2.31518	0.0528789
   2.35409	0.0470188
     2.393	0.0416697
   2.43191	0.0368061
   2.47082	0.0324045
   2.50973	0.0284361
   2.54864	0.0248725
   2.58755	0.0216849
   2.62646	0.0188447
   2.66537	0.0163237
   2.70428	0.0140947
   2.74319	0.0121316
    2.7821	0.01041
   2.82101	0.00890458
   2.85992	0.00759291
   2.89883	0.00645449
   2.93774	0.00547067
   2.97665	0.0046227
   3.01556	0.00389423
   3.05447	0.00327145
   3.09339	0.00273981
    3.1323	0.00228814
   3.17121	0.00190533
   3.21012	0.00158198
   3.24903	0.00130976
   3.28794	0.00108129
   3.32685	0.000890104
   3.36576	0.000730932
   3.40467	0.000598446
   3.44358	0.00048879
   3.48249	0.000398046
    3.5214	0.000323215
   3.56031	0.000261882
   3.59922	0.000211698
   3.63813	0.000170688
   3.67704	0.000137248
   3.71595	0.000110102
   3.75486	8.80716e-005
   3.79377	7.0251e-005
   3.83268	5.59081e-005
    3.8716	4.44303e-005
   3.91051	3.51903e-005
   3.94942	2.77827e-005
   3.98833	2.18623e-005
   4.02724	1.71955e-005
   4.06615	1.34658e-005
   4.10506	1.05237e-005
   4.14397	8.21784e-006
   4.18288	6.39624e-006
   4.22179	4.95931e-006
    4.2607	3.83836e-006
   4.29961	2.96436e-006
   4.33852	2.2915e-006
   4.37743	1.75652e-006
   4.41634	1.34459e-006
   4.45525	1.03178e-006
   4.49416	7.81975e-007
   4.53307	5.92453e-007
   4.57198	4.46334e-007
   4.61089	3.33047e-007
   4.64981	2.47509e-007
   4.68872	1.80671e-007
   4.72763	1.31056e-007
   4.76654	9.48838e-008
   4.80545	6.4972e-008
   4.84436	4.44732e-008
   4.88327	2.93137e-008
   4.92218	1.87784e-008
