        -5	9.39455e-006
  -4.96109	7.25379e-006
  -4.92218	5.51973e-006
  -4.88327	4.10429e-006
  -4.84436	2.95631e-006
  -4.80545	2.03337e-006
  -4.76654	1.29897e-006
  -4.72763	7.40337e-007
  -4.68872	3.31717e-007
  -4.64981	8.28949e-008
  -4.61089	6.02908e-010
  -4.57198	1.0239e-007
  -4.53307	4.27302e-007
  -4.49416	1.03134e-006
  -4.45525	1.97358e-006
  -4.41634	3.36093e-006
  -4.37743	5.28718e-006
  -4.33852	7.90322e-006
  -4.29961	1.1394e-005
   -4.2607	1.59802e-005
  -4.22179	2.19031e-005
  -4.18288	2.94713e-005
  -4.14397	3.90909e-005
  -4.10506	5.1161e-005
  -4.06615	6.62705e-005
  -4.02724	8.49932e-005
  -3.98833	0.000108104
  -3.94942	0.000136389
  -3.91051	0.000170911
   -3.8716	0.000212849
  -3.83268	0.000263497
  -3.79377	0.00032444
  -3.75486	0.000397532
  -3.71595	0.000484591
  -3.67704	0.000588139
  -3.63813	0.00071079
  -3.59922	0.000855992
  -3.56031	0.00102675
   -3.5214	0.00122712
  -3.48249	0.00146189
  -3.44358	0.00173557
  -3.40467	0.00205441
  -3.36576	0.00242508
  -3.32685	0.00285469
  -3.28794	0.00335147
  -3.24903	0.0039246
  -3.21012	0.00458424
  -3.17121	0.00534212
   -3.1323	0.00620969
  -3.09339	0.00720109
  -3.05447	0.00833198
  -3.01556	0.00961858
  -2.97665	0.0110785
  -2.93774	0.0127305
  -2.89883	0.0145956
  -2.85992	0.0166959
  -2.82101	0.019054
   -2.7821	0.0216923
  -2.74319	0.0246381
  -2.70428	0.0279161
  -2.66537	0.0315526
  -2.62646	0.0355733
  -2.58755	0.0400036
  -2.54864	0.0448671
  -2.50973	0.050189
  -2.47082	0.0559875
  -2.43191	0.062282
    -2.393	0.0690887
  -2.35409	0.0764167
  -2.31518	0.0842756
  -2.27626	0.0926675
  -2.23735	0.101584
  -2.19844	0.111015
  -2.15953	0.120944
  -2.12062	0.131352
  -2.08171	0.142198
   -2.0428	0.15345
  -2.00389	0.165055
  -1.96498	0.176959
  -1.92607	0.189101
  -1.88716	0.201417
  -1.84825	0.213832
  -1.80934	0.226257
  -1.77043	0.238618
  -1.73152	0.250822
  -1.69261	0.262779
   -1.6537	0.274403
  -1.61479	0.285602
  -1.57588	0.296283
  -1.53696	0.306357
  -1.49805	0.315742
  -1.45914	0.324365
  -1.42023	0.332147
  -1.38132	0.339029
  -1.34241	0.344956
   -1.3035	0.349883
  -1.26459	0.353775
  -1.22568	0.356602
  -1.18677	0.358354
  -1.14786	0.359037
  -1.10895	0.358651
  -1.07004	0.35723
  -1.03113	0.354806
 -0.992218	0.351426
 -0.953307	0.34715
 -0.914397	0.342043
 -0.875486	0.336176
 -0.836576	0.329639
 -0.797665	0.322507
 -0.758755	0.314869
 -0.719844	0.306815
 -0.680934	0.298427
 -0.642023	0.289785
 -0.603113	0.280967
 -0.564202	0.27203
 -0.525292	0.26304
 -0.486381	0.254039
 -0.447471	0.24506
  -0.40856	0.236115
  -0.36965	0.22722
 -0.330739	0.21837
 -0.291829	0.209552
 -0.252918	0.200749
 -0.214008	0.191933
 -0.175097	0.183083
 -0.136187	0.174176
-0.0972763	0.165197
-0.0583658	0.156132
-0.0194553	0.146998
 0.0194553	0.137806
 0.0583658	0.128604
 0.0972763	0.119447
  0.136187	0.110417
  0.175097	0.101609
  0.214008	0.0931417
  0.252918	0.0851469
  0.291829	0.0777692
  0.330739	0.0711563
   0.36965	0.0654621
   0.40856	0.0608332
  0.447471	0.0574046
  0.486381	0.0552936
  0.525292	0.0545931
  0.564202	0.0553744
  0.603113	0.0576683
  0.642023	0.0614733
  0.680934	0.0667522
  0.719844	0.0734298
  0.758755	0.0813954
  0.797665	0.0905085
  0.836576	0.100594
  0.875486	0.111464
  0.914397	0.122909
  0.953307	0.134707
  0.992218	0.146635
   1.03113	0.158477
   1.07004	0.170016
   1.10895	0.181059
   1.14786	0.191419
   1.18677	0.200938
   1.22568	0.209484
   1.26459	0.216943
    1.3035	0.223225
   1.34241	0.228273
   1.38132	0.232057
   1.42023	0.234566
   1.45914	0.235812
   1.49805	0.235829
   1.53696	0.234667
   1.57588	0.232393
   1.61479	0.229086
    1.6537	0.22483
   1.69261	0.219724
   1.73152	0.213871
   1.77043	0.20737
   1.80934	0.200333
   1.84825	0.192855
   1.88716	0.185038
   1.92607	0.176973
   1.96498	0.168755
   2.00389	0.160465
    2.0428	0.152172
   2.08171	0.14395
   2.12062	0.135848
   2.15953	0.127919
   2.19844	0.120206
   2.23735	0.112742
   2.27626	0.105554
   2.31518	0.0986587
   2.35409	0.0920715
     2.393	0.0858016
   2.43191	0.0798497
   2.47082	0.0742163
   2.50973	0.068897
   2.54864	0.0638869
   2.58755	0.0591772
   2.62646	0.0547528
   2.66537	0.0506057
   2.70428	0.0467216
   2.74319	0.0430868
    2.7821	0.0396896
   2.82101	0.0365166
   2.85992	0.0335547
   2.89883	0.0307945
   2.93774	0.028221
   2.97665	0.0258255
   3.01556	0.0235977
   3.05447	0.0215273
   3.09339	0.019605
    3.1323	0.0178233
   3.17121	0.0161721
   3.21012	0.0146464
   3.24903	0.0132372
   3.28794	0.0119378
   3.32685	0.0107421
   3.36576	0.009645
   3.40467	0.00863984
   3.44358	0.00772071
   3.48249	0.00688233
    3.5214	0.00611936
   3.56031	0.00542695
   3.59922	0.00480006
   3.63813	0.00423393
   3.67704	0.00372418
   3.71595	0.00326693
   3.75486	0.00285766
   3.79377	0.00249238
   3.83268	0.00216786
    3.8716	0.00187955
   3.91051	0.00162513
   3.94942	0.00140089
   3.98833	0.00120438
   4.02724	0.00103205
   4.06615	0.000881767
   4.10506	0.000751124
   4.14397	0.000637783
   4.18288	0.000539953
   4.22179	0.000455777
    4.2607	0.000383491
   4.29961	0.000321683
   4.33852	0.000268943
   4.37743	0.000224172
   4.41634	0.000186284
   4.45525	0.000154246
   4.49416	0.000127374
   4.53307	0.000104881
   4.57198	8.61178e-005
   4.61089	7.04241e-005
   4.64981	5.7357e-005
   4.68872	4.65845e-005
   4.72763	3.76623e-005
   4.76654	3.0302e-005
   4.80545	2.42824e-005
   4.84436	1.93458e-005
   4.88327	1.53328e-005
   4.92218	1.20697e-005
