        -5	1.3313e-007
  -4.96109	1.50963e-007
  -4.92218	1.72564e-007
  -4.88327	2.03192e-007
  -4.84436	2.44866e-007
  -4.80545	3.05452e-007
  -4.76654	3.83404e-007
  -4.72763	4.82578e-007
  -4.68872	6.15959e-007
  -4.64981	7.84538e-007
  -4.61089	1.00109e-006
  -4.57198	1.27375e-006
  -4.53307	1.62612e-006
  -4.49416	2.07425e-006
  -4.45525	2.64802e-006
  -4.41634	3.37959e-006
  -4.37743	4.31199e-006
  -4.33852	5.51383e-006
  -4.29961	7.023e-006
   -4.2607	8.91767e-006
  -4.22179	1.13225e-005
  -4.18288	1.43296e-005
  -4.14397	1.81229e-005
  -4.10506	2.28412e-005
  -4.06615	2.87693e-005
  -4.02724	3.61322e-005
  -3.98833	4.5292e-005
  -3.94942	5.66485e-005
  -3.91051	7.07185e-005
   -3.8716	8.81058e-005
  -3.83268	0.000109424
  -3.79377	0.000135608
  -3.75486	0.000167782
  -3.71595	0.000207026
  -3.67704	0.000254906
  -3.63813	0.000313172
  -3.59922	0.000383751
  -3.56031	0.000469081
   -3.5214	0.000572027
  -3.48249	0.000695528
  -3.44358	0.000843614
  -3.40467	0.00102083
  -3.36576	0.00123177
  -3.32685	0.00148266
  -3.28794	0.00177979
  -3.24903	0.00213115
  -3.21012	0.00254461
  -3.17121	0.00302996
   -3.1323	0.00359795
  -3.09339	0.00426081
  -3.05447	0.00503197
  -3.01556	0.00592538
  -2.97665	0.006958
  -2.93774	0.00814685
  -2.89883	0.00951136
  -2.85992	0.0110708
  -2.82101	0.0128476
   -2.7821	0.0148659
  -2.74319	0.017148
  -2.70428	0.01972
  -2.66537	0.0226099
  -2.62646	0.0258417
  -2.58755	0.0294443
  -2.54864	0.0334453
  -2.50973	0.0378709
  -2.47082	0.0427475
  -2.43191	0.0480978
    -2.393	0.0539473
  -2.35409	0.0603145
  -2.31518	0.0672176
  -2.27626	0.0746706
  -2.23735	0.0826845
  -2.19844	0.0912664
  -2.15953	0.100414
  -2.12062	0.110126
  -2.08171	0.120391
   -2.0428	0.131193
  -2.00389	0.142505
  -1.96498	0.154297
  -1.92607	0.166538
  -1.88716	0.179178
  -1.84825	0.192164
  -1.80934	0.205445
  -1.77043	0.218948
  -1.73152	0.2326
  -1.69261	0.24633
   -1.6537	0.260045
  -1.61479	0.273658
  -1.57588	0.287075
  -1.53696	0.300197
  -1.49805	0.312918
  -1.45914	0.325126
  -1.42023	0.336714
  -1.38132	0.347569
  -1.34241	0.357581
   -1.3035	0.366633
  -1.26459	0.374607
  -1.22568	0.381386
  -1.18677	0.386864
  -1.14786	0.390933
  -1.10895	0.393492
  -1.07004	0.394436
  -1.03113	0.393683
 -0.992218	0.391158
 -0.953307	0.386786
 -0.914397	0.380525
 -0.875486	0.372348
 -0.836576	0.362234
 -0.797665	0.350207
 -0.758755	0.336309
 -0.719844	0.320605
 -0.680934	0.303204
 -0.642023	0.284249
 -0.603113	0.263919
 -0.564202	0.242432
 -0.525292	0.22004
 -0.486381	0.197043
 -0.447471	0.173761
  -0.40856	0.150555
  -0.36965	0.127799
 -0.330739	0.105893
 -0.291829	0.0852307
 -0.252918	0.0662067
 -0.214008	0.0491961
 -0.175097	0.0345453
 -0.136187	0.0225547
-0.0972763	0.0134732
-0.0583658	0.0074857
-0.0194553	0.00470787
 0.0194553	0.00517871
 0.0583658	0.00886209
 0.0972763	0.0156449
  0.136187	0.0253467
  0.175097	0.0377214
  0.214008	0.0524686
  0.252918	0.0692471
  0.291829	0.0876818
  0.330739	0.107385
   0.36965	0.127953
   0.40856	0.148998
  0.447471	0.170138
  0.486381	0.191025
  0.525292	0.211327
  0.564202	0.230756
  0.603113	0.249056
  0.642023	0.266016
  0.680934	0.28146
  0.719844	0.295244
  0.758755	0.307277
  0.797665	0.317491
  0.836576	0.325845
  0.875486	0.332338
  0.914397	0.336986
  0.953307	0.339824
  0.992218	0.340914
   1.03113	0.340331
   1.07004	0.338153
   1.10895	0.334489
   1.14786	0.329443
   1.18677	0.323123
   1.22568	0.31565
   1.26459	0.307139
    1.3035	0.297718
   1.34241	0.287503
   1.38132	0.276618
   1.42023	0.26518
   1.45914	0.253304
   1.49805	0.241101
   1.53696	0.228677
   1.57588	0.216139
   1.61479	0.203578
    1.6537	0.191079
   1.69261	0.178727
   1.73152	0.166597
   1.77043	0.154754
   1.80934	0.143257
   1.84825	0.132159
   1.88716	0.121502
   1.92607	0.111321
   1.96498	0.101644
   2.00389	0.0924884
    2.0428	0.0838724
   2.08171	0.0757963
   2.12062	0.0682641
   2.15953	0.0612692
   2.19844	0.0548058
   2.23735	0.0488587
   2.27626	0.0434103
   2.31518	0.0384383
   2.35409	0.0339209
     2.393	0.0298349
   2.43191	0.0261545
   2.47082	0.022853
   2.50973	0.0199016
   2.54864	0.0172755
   2.58755	0.0149475
   2.62646	0.0128907
   2.66537	0.0110817
   2.70428	0.00949613
   2.74319	0.00811166
    2.7821	0.00690756
   2.82101	0.00586437
   2.85992	0.00496278
   2.89883	0.00418774
   2.93774	0.00352279
   2.97665	0.00295435
   3.01556	0.00247006
   3.05447	0.00205915
   3.09339	0.00171171
    3.1323	0.0014188
   3.17121	0.00117248
   3.21012	0.000966067
   3.24903	0.000793638
   3.28794	0.000650281
   3.32685	0.000531461
   3.36576	0.00043313
   3.40467	0.000352009
   3.44358	0.000285271
   3.48249	0.000230675
    3.5214	0.000186004
   3.56031	0.000149528
   3.59922	0.00012002
   3.63813	9.60442e-005
   3.67704	7.66294e-005
   3.71595	6.10666e-005
   3.75486	4.8512e-005
   3.79377	3.84522e-005
   3.83268	3.04209e-005
    3.8716	2.40295e-005
   3.91051	1.89482e-005
   3.94942	1.48819e-005
   3.98833	1.16636e-005
   4.02724	9.12751e-006
   4.06615	7.14494e-006
   4.10506	5.59398e-006
   4.14397	4.37289e-006
   4.18288	3.40815e-006
   4.22179	2.6547e-006
    4.2607	2.07288e-006
   4.29961	1.62753e-006
   4.33852	1.27553e-006
   4.37743	9.98646e-007
   4.41634	7.91812e-007
   4.45525	6.22225e-007
   4.49416	4.92924e-007
   4.53307	3.93072e-007
   4.57198	3.15516e-007
   4.61089	2.5479e-007
   4.64981	2.14118e-007
   4.68872	1.78607e-007
   4.72763	1.54739e-007
   4.76654	1.38545e-007
   4.80545	1.26958e-007
   4.84436	1.19998e-007
   4.88327	1.1702e-007
   4.92218	1.22237e-007
