        -5	1.01426e-008
  -4.96109	4.3619e-010
  -4.92218	1.53191e-008
  -4.88327	5.55123e-008
  -4.84436	1.23825e-007
  -4.80545	2.24073e-007
  -4.76654	3.64732e-007
  -4.72763	5.53953e-007
  -4.68872	8.03162e-007
  -4.64981	1.12338e-006
  -4.61089	1.51956e-006
  -4.57198	2.03606e-006
  -4.53307	2.69208e-006
  -4.49416	3.60001e-006
  -4.45525	4.72266e-006
  -4.41634	6.14776e-006
  -4.37743	8.00202e-006
  -4.33852	1.03046e-005
  -4.29961	1.33109e-005
   -4.2607	1.69883e-005
  -4.22179	2.16653e-005
  -4.18288	2.74785e-005
  -4.14397	3.49026e-005
  -4.10506	4.39551e-005
  -4.06615	5.51912e-005
  -4.02724	6.92627e-005
  -3.98833	8.68813e-005
  -3.94942	0.000108708
  -3.91051	0.000135569
   -3.8716	0.000168508
  -3.83268	0.000208815
  -3.79377	0.000258071
  -3.75486	0.000317997
  -3.71595	0.000390797
  -3.67704	0.000478746
  -3.63813	0.000584869
  -3.59922	0.000712225
  -3.56031	0.000864861
   -3.5214	0.00104686
  -3.48249	0.0012635
  -3.44358	0.00152013
  -3.40467	0.00182344
  -3.36576	0.00218026
  -3.32685	0.00259896
  -3.28794	0.00308817
  -3.24903	0.0036586
  -3.21012	0.00432073
  -3.17121	0.0050877
   -3.1323	0.00596952
  -3.09339	0.00698207
  -3.05447	0.00813678
  -3.01556	0.00945511
  -2.97665	0.0109498
  -2.93774	0.0126356
  -2.89883	0.0145358
  -2.85992	0.0166644
  -2.82101	0.0190371
   -2.7821	0.0216788
  -2.74319	0.0246017
  -2.70428	0.0278192
  -2.66537	0.0313542
  -2.62646	0.0352215
  -2.58755	0.0394313
  -2.54864	0.0439922
  -2.50973	0.0489111
  -2.47082	0.0541976
  -2.43191	0.0598544
    -2.393	0.0658843
  -2.35409	0.0722824
  -2.31518	0.0790449
  -2.27626	0.0861599
  -2.23735	0.0936178
  -2.19844	0.1014
  -2.15953	0.109491
  -2.12062	0.117866
  -2.08171	0.126503
   -2.0428	0.135373
  -2.00389	0.14445
  -1.96498	0.153698
  -1.92607	0.16309
  -1.88716	0.172583
  -1.84825	0.182147
  -1.80934	0.191737
  -1.77043	0.201328
  -1.73152	0.210873
  -1.69261	0.220345
   -1.6537	0.229685
  -1.61479	0.238851
  -1.57588	0.247815
  -1.53696	0.256518
  -1.49805	0.264941
  -1.45914	0.273002
  -1.42023	0.280686
  -1.38132	0.287941
  -1.34241	0.29471
   -1.3035	0.300941
  -1.26459	0.306585
  -1.22568	0.311601
  -1.18677	0.315907
  -1.14786	0.319436
  -1.10895	0.322122
  -1.07004	0.323903
  -1.03113	0.324706
 -0.992218	0.324457
 -0.953307	0.323074
 -0.914397	0.32048
 -0.875486	0.316594
 -0.836576	0.311341
 -0.797665	0.304652
 -0.758755	0.296463
 -0.719844	0.286728
 -0.680934	0.275414
 -0.642023	0.262514
 -0.603113	0.24805
 -0.564202	0.232082
 -0.525292	0.214713
 -0.486381	0.196096
 -0.447471	0.176437
  -0.40856	0.156005
  -0.36965	0.135127
 -0.330739	0.114196
 -0.291829	0.0936494
 -0.252918	0.0739764
 -0.214008	0.0556647
 -0.175097	0.0392304
 -0.136187	0.0251553
-0.0972763	0.0138855
-0.0583658	0.00578811
-0.0194553	0.00113171
 0.0194553	8.22376e-005
 0.0583658	0.00267311
 0.0972763	0.00881586
  0.136187	0.0183008
  0.175097	0.0308086
  0.214008	0.0459361
  0.252918	0.0632262
  0.291829	0.0821819
  0.330739	0.102293
   0.36965	0.123061
   0.40856	0.144021
  0.447471	0.164753
  0.486381	0.184899
  0.525292	0.204151
  0.564202	0.222271
  0.603113	0.239069
  0.642023	0.254418
  0.680934	0.268229
  0.719844	0.280463
  0.758755	0.291107
  0.797665	0.300184
  0.836576	0.307727
  0.875486	0.313795
  0.914397	0.318451
  0.953307	0.321772
  0.992218	0.323834
   1.03113	0.32472
   1.07004	0.324507
   1.10895	0.323267
   1.14786	0.321074
   1.18677	0.317992
   1.22568	0.314123
   1.26459	0.309503
    1.3035	0.304214
   1.34241	0.298296
   1.38132	0.291815
   1.42023	0.284839
   1.45914	0.277384
   1.49805	0.269523
   1.53696	0.261294
   1.57588	0.252754
   1.61479	0.243924
    1.6537	0.234854
   1.69261	0.225595
   1.73152	0.216196
   1.77043	0.206691
   1.80934	0.19712
   1.84825	0.187519
   1.88716	0.177927
   1.92607	0.168384
   1.96498	0.158926
   2.00389	0.149591
    2.0428	0.140409
   2.08171	0.131418
   2.12062	0.122641
   2.15953	0.114114
   2.19844	0.105856
   2.23735	0.0978961
   2.27626	0.0902488
   2.31518	0.0829384
   2.35409	0.0759728
     2.393	0.06937
   2.43191	0.0631318
   2.47082	0.0572671
   2.50973	0.0517711
   2.54864	0.046643
   2.58755	0.0418812
   2.62646	0.0374777
   2.66537	0.0334285
   2.70428	0.029711
   2.74319	0.0263157
    2.7821	0.0232339
   2.82101	0.0204385
   2.85992	0.0179191
   2.89883	0.0156594
   2.93774	0.0136357
   2.97665	0.0118326
   3.01556	0.0102369
   3.05447	0.00882603
   3.09339	0.00758394
    3.1323	0.00649346
   3.17121	0.00554203
   3.21012	0.00471484
   3.24903	0.003999
   3.28794	0.00338097
   3.32685	0.00284979
   3.36576	0.00239432
   3.40467	0.00200567
   3.44358	0.00167478
   3.48249	0.00139445
    3.5214	0.00115741
   3.56031	0.000957952
   3.59922	0.000790424
   3.63813	0.000650389
   3.67704	0.000533552
   3.71595	0.00043655
   3.75486	0.00035615
   3.79377	0.000289855
   3.83268	0.000235182
    3.8716	0.000190343
   3.91051	0.000153463
   3.94942	0.000123498
   3.98833	9.91248e-005
   4.02724	7.95824e-005
   4.06615	6.37358e-005
   4.10506	5.07633e-005
   4.14397	4.05085e-005
   4.18288	3.211e-005
   4.22179	2.55011e-005
    4.2607	2.01002e-005
   4.29961	1.58114e-005
   4.33852	1.23603e-005
   4.37743	9.68483e-006
   4.41634	7.50422e-006
   4.45525	5.74781e-006
   4.49416	4.40648e-006
   4.53307	3.38263e-006
   4.57198	2.58645e-006
   4.61089	1.95086e-006
   4.64981	1.44594e-006
   4.68872	1.04894e-006
   4.72763	7.43837e-007
   4.76654	5.09266e-007
   4.80545	3.33289e-007
   4.84436	2.01582e-007
   4.88327	1.07922e-007
   4.92218	4.51452e-008
