        -5	1.43111e-008
  -4.96109	1.48558e-008
  -4.92218	3.94e-008
  -4.88327	8.85019e-008
  -4.84436	1.67969e-007
  -4.80545	2.84154e-007
  -4.76654	4.33504e-007
  -4.72763	6.46615e-007
  -4.68872	9.26676e-007
  -4.64981	1.29064e-006
  -4.61089	1.77895e-006
  -4.57198	2.38387e-006
  -4.53307	3.1969e-006
  -4.49416	4.19861e-006
  -4.45525	5.53399e-006
  -4.41634	7.19759e-006
  -4.37743	9.35377e-006
  -4.33852	1.20392e-005
  -4.29961	1.53196e-005
   -4.2607	1.95699e-005
  -4.22179	2.49071e-005
  -4.18288	3.15692e-005
  -4.14397	3.99456e-005
  -4.10506	5.03426e-005
  -4.06615	6.3019e-005
  -4.02724	7.9056e-005
  -3.98833	9.87998e-005
  -3.94942	0.000123236
  -3.91051	0.000153301
   -3.8716	0.000190029
  -3.83268	0.000234878
  -3.79377	0.000289528
  -3.75486	0.000356167
  -3.71595	0.00043665
  -3.67704	0.000533878
  -3.63813	0.000651009
  -3.59922	0.000791367
  -3.56031	0.000959283
   -3.5214	0.00115872
  -3.48249	0.00139574
  -3.44358	0.00167557
  -3.40467	0.00200643
  -3.36576	0.00239605
  -3.32685	0.00285067
  -3.28794	0.00338111
  -3.24903	0.00399731
  -3.21012	0.00471076
  -3.17121	0.00553489
   -3.1323	0.00648327
  -3.09339	0.00756766
  -3.05447	0.00880462
  -3.01556	0.0102095
  -2.97665	0.0118008
  -2.93774	0.0135908
  -2.89883	0.0155988
  -2.85992	0.0178462
  -2.82101	0.0203486
   -2.7821	0.0231214
  -2.74319	0.0261844
  -2.70428	0.0295531
  -2.66537	0.0332442
  -2.62646	0.0372648
  -2.58755	0.0416303
  -2.54864	0.0463484
  -2.50973	0.0514277
  -2.47082	0.0568766
  -2.43191	0.0626969
    -2.393	0.0688765
  -2.35409	0.0754204
  -2.31518	0.0823155
  -2.27626	0.0895584
  -2.23735	0.0971272
  -2.19844	0.105009
  -2.15953	0.113189
  -2.12062	0.121634
  -2.08171	0.130331
   -2.0428	0.13924
  -2.00389	0.148345
  -1.96498	0.157604
  -1.92607	0.166986
  -1.88716	0.17646
  -1.84825	0.185986
  -1.80934	0.19553
  -1.77043	0.205037
  -1.73152	0.214481
  -1.69261	0.223834
   -1.6537	0.233039
  -1.61479	0.242065
  -1.57588	0.250862
  -1.53696	0.259379
  -1.49805	0.267579
  -1.45914	0.275433
  -1.42023	0.282877
  -1.38132	0.289871
  -1.34241	0.296354
   -1.3035	0.302302
  -1.26459	0.307632
  -1.22568	0.312284
  -1.18677	0.316212
  -1.14786	0.319341
  -1.10895	0.321611
  -1.07004	0.322925
  -1.03113	0.323238
 -0.992218	0.322473
 -0.953307	0.320544
 -0.914397	0.317372
 -0.875486	0.312889
 -0.836576	0.306993
 -0.797665	0.299652
 -0.758755	0.290802
 -0.719844	0.280396
 -0.680934	0.268418
 -0.642023	0.254871
 -0.603113	0.239779
 -0.564202	0.223243
 -0.525292	0.205383
 -0.486381	0.186374
 -0.447471	0.166443
  -0.40856	0.145895
  -0.36965	0.125084
 -0.330739	0.104408
 -0.291829	0.084316
 -0.252918	0.0653102
 -0.214008	0.0478843
 -0.175097	0.0325393
 -0.136187	0.019738
-0.0972763	0.00988972
-0.0583658	0.00331925
-0.0194553	0.000250703
 0.0194553	0.00078953
 0.0583658	0.00491862
 0.0972763	0.0124977
  0.136187	0.0232728
  0.175097	0.0368934
  0.214008	0.0529299
  0.252918	0.0709132
  0.291829	0.0903316
  0.330739	0.110684
   0.36965	0.131499
   0.40856	0.152337
  0.447471	0.172793
  0.486381	0.192538
  0.525292	0.211294
  0.564202	0.228857
  0.603113	0.245038
  0.642023	0.259739
  0.680934	0.272895
  0.719844	0.284475
  0.758755	0.294484
  0.797665	0.302966
  0.836576	0.309927
  0.875486	0.315453
  0.914397	0.319605
  0.953307	0.322458
  0.992218	0.324098
   1.03113	0.32461
   1.07004	0.324039
   1.10895	0.322482
   1.14786	0.320008
   1.18677	0.316693
   1.22568	0.312591
   1.26459	0.307762
    1.3035	0.302297
   1.34241	0.296228
   1.38132	0.289618
   1.42023	0.282511
   1.45914	0.274973
   1.49805	0.267043
   1.53696	0.258755
   1.57588	0.250157
   1.61479	0.2413
    1.6537	0.232218
   1.69261	0.22297
   1.73152	0.213588
   1.77043	0.204097
   1.80934	0.194548
   1.84825	0.184981
   1.88716	0.175434
   1.92607	0.165945
   1.96498	0.156544
   2.00389	0.147282
    2.0428	0.138173
   2.08171	0.129267
   2.12062	0.120577
   2.15953	0.112146
   2.19844	0.103991
   2.23735	0.0961296
   2.27626	0.0885906
   2.31518	0.081384
   2.35409	0.0745267
     2.393	0.06802
   2.43191	0.0618785
   2.47082	0.0561094
   2.50973	0.0507099
   2.54864	0.045676
   2.58755	0.0410038
   2.62646	0.0366815
   2.66537	0.0327044
   2.70428	0.0290592
   2.74319	0.0257344
    2.7821	0.0227105
   2.82101	0.0199745
   2.85992	0.0175109
   2.89883	0.0153003
   2.93774	0.0133202
   2.97665	0.0115589
   3.01556	0.00999647
   3.05447	0.00861672
   3.09339	0.00740137
    3.1323	0.00633683
   3.17121	0.00540846
   3.21012	0.00460152
   3.24903	0.00390226
   3.28794	0.00329907
   3.32685	0.00277876
   3.36576	0.00233345
   3.40467	0.00195426
   3.44358	0.0016314
   3.48249	0.00135802
    3.5214	0.0011266
   3.56031	0.000932025
   3.59922	0.000768524
   3.63813	0.000631816
   3.67704	0.000518019
   3.71595	0.000423188
   3.75486	0.000344943
   3.79377	0.000280237
   3.83268	0.000227109
    3.8716	0.00018338
   3.91051	0.000147615
   3.94942	0.000118515
   3.98833	9.47949e-005
   4.02724	7.59359e-005
   4.06615	6.05241e-005
   4.10506	4.80407e-005
   4.14397	3.80632e-005
   4.18288	3.00468e-005
   4.22179	2.36448e-005
    4.2607	1.86913e-005
   4.29961	1.4674e-005
   4.33852	1.14345e-005
   4.37743	8.9017e-006
   4.41634	6.86597e-006
   4.45525	5.30668e-006
   4.49416	4.02744e-006
   4.53307	3.06795e-006
   4.57198	2.29541e-006
   4.61089	1.70343e-006
   4.64981	1.24138e-006
   4.68872	8.83529e-007
   4.72763	6.32309e-007
   4.76654	4.27528e-007
   4.80545	2.7308e-007
   4.84436	1.64451e-007
   4.88327	8.65021e-008
   4.92218	3.60054e-008
