        -5	3.52071e-008
  -4.96109	6.09908e-009
  -4.92218	1.54063e-009
  -4.88327	2.00015e-008
  -4.84436	6.57785e-008
  -4.80545	1.35197e-007
  -4.76654	2.29742e-007
  -4.72763	3.67911e-007
  -4.68872	5.6007e-007
  -4.64981	8.11464e-007
  -4.61089	1.13358e-006
  -4.57198	1.5516e-006
  -4.53307	2.12516e-006
  -4.49416	2.83692e-006
  -4.45525	3.72847e-006
  -4.41634	4.91683e-006
  -4.37743	6.42451e-006
  -4.33852	8.36214e-006
  -4.29961	1.07378e-005
   -4.2607	1.3781e-005
  -4.22179	1.76316e-005
  -4.18288	2.24432e-005
  -4.14397	2.86375e-005
  -4.10506	3.63649e-005
  -4.06615	4.5954e-005
  -4.02724	5.79697e-005
  -3.98833	7.29449e-005
  -3.94942	9.13253e-005
  -3.91051	0.000113983
   -3.8716	0.000141777
  -3.83268	0.000175574
  -3.79377	0.000217431
  -3.75486	0.000268222
  -3.71595	0.000330387
  -3.67704	0.000405227
  -3.63813	0.000495886
  -3.59922	0.000605322
  -3.56031	0.000736516
   -3.5214	0.000893266
  -3.48249	0.00108143
  -3.44358	0.0013045
  -3.40467	0.00156979
  -3.36576	0.00188184
  -3.32685	0.00224952
  -3.28794	0.00268075
  -3.24903	0.00318551
  -3.21012	0.0037749
  -3.17121	0.00445766
   -3.1323	0.0052476
  -3.09339	0.00615704
  -3.05447	0.00720266
  -3.01556	0.00839653
  -2.97665	0.00975556
  -2.93774	0.0112945
  -2.89883	0.0130343
  -2.85992	0.0149928
  -2.82101	0.0171853
   -2.7821	0.0196334
  -2.74319	0.0223516
  -2.70428	0.0253566
  -2.66537	0.0286669
  -2.62646	0.0322956
  -2.58755	0.0362623
  -2.54864	0.0405768
  -2.50973	0.0452454
  -2.47082	0.050282
  -2.43191	0.0556889
    -2.393	0.0614668
  -2.35409	0.0676163
  -2.31518	0.0741425
  -2.27626	0.0810259
  -2.23735	0.0882607
  -2.19844	0.0958374
  -2.15953	0.103735
  -2.12062	0.111935
  -2.08171	0.120424
   -2.0428	0.129162
  -2.00389	0.138132
  -1.96498	0.147306
  -1.92607	0.156637
  -1.88716	0.166098
  -1.84825	0.175654
  -1.80934	0.185276
  -1.77043	0.194921
  -1.73152	0.204542
  -1.69261	0.21412
   -1.6537	0.223605
  -1.61479	0.232948
  -1.57588	0.242123
  -1.53696	0.251077
  -1.49805	0.259787
  -1.45914	0.268195
  -1.42023	0.276257
  -1.38132	0.283921
  -1.34241	0.291139
   -1.3035	0.297882
  -1.26459	0.304081
  -1.22568	0.309693
  -1.18677	0.314645
  -1.14786	0.318892
  -1.10895	0.322375
  -1.07004	0.325026
  -1.03113	0.326757
 -0.992218	0.327513
 -0.953307	0.32722
 -0.914397	0.325791
 -0.875486	0.323149
 -0.836576	0.319226
 -0.797665	0.313943
 -0.758755	0.30722
 -0.719844	0.29899
 -0.680934	0.289226
 -0.642023	0.277882
 -0.603113	0.264956
 -0.564202	0.250452
 -0.525292	0.234451
 -0.486381	0.217043
 -0.447471	0.198385
  -0.40856	0.178688
  -0.36965	0.1582
 -0.330739	0.137253
 -0.291829	0.116232
 -0.252918	0.0955751
 -0.214008	0.0757527
 -0.175097	0.0572648
 -0.136187	0.0406214
-0.0972763	0.0263128
-0.0583658	0.0147783
-0.0194553	0.00638574
 0.0194553	0.00141695
 0.0583658	3.58325e-005
 0.0972763	0.00228737
  0.136187	0.00809112
  0.175097	0.0172431
  0.214008	0.0294335
  0.252918	0.0442713
  0.291829	0.0612968
  0.330739	0.0800141
   0.36965	0.0999104
   0.40856	0.1205
  0.447471	0.141314
  0.486381	0.161934
  0.525292	0.182001
  0.564202	0.201188
  0.603113	0.21926
  0.642023	0.236025
  0.680934	0.251357
  0.719844	0.265157
  0.758755	0.277378
  0.797665	0.288013
  0.836576	0.297092
  0.875486	0.304639
  0.914397	0.310704
  0.953307	0.315367
  0.992218	0.318691
   1.03113	0.320751
   1.07004	0.321624
   1.10895	0.321408
   1.14786	0.320171
   1.18677	0.317975
   1.22568	0.314906
   1.26459	0.311026
    1.3035	0.306418
   1.34241	0.301123
   1.38132	0.295208
   1.42023	0.288719
   1.45914	0.28172
   1.49805	0.274275
   1.53696	0.266418
   1.57588	0.258207
   1.61479	0.249673
    1.6537	0.240868
   1.69261	0.231846
   1.73152	0.222635
   1.77043	0.213273
   1.80934	0.203821
   1.84825	0.194305
   1.88716	0.184766
   1.92607	0.175235
   1.96498	0.16576
   2.00389	0.156379
    2.0428	0.147114
   2.08171	0.138019
   2.12062	0.129117
   2.15953	0.120435
   2.19844	0.112006
   2.23735	0.103853
   2.27626	0.0959933
   2.31518	0.0884568
   2.35409	0.0812576
     2.393	0.0744005
   2.43191	0.0679008
   2.47082	0.0617697
   2.50973	0.0560027
   2.54864	0.0506061
   2.58755	0.0455784
   2.62646	0.0409114
   2.66537	0.0365996
   2.70428	0.0326292
   2.74319	0.0289874
    2.7821	0.0256675
   2.82101	0.022648
   2.85992	0.0199185
   2.89883	0.0174597
   2.93774	0.0152532
   2.97665	0.01328
   3.01556	0.0115214
   3.05447	0.00996484
   3.09339	0.00858943
    3.1323	0.00738032
   3.17121	0.00631876
   3.21012	0.00539393
   3.24903	0.00458945
   3.28794	0.00389371
   3.32685	0.00329319
   3.36576	0.00277539
   3.40467	0.00233211
   3.44358	0.00195291
   3.48249	0.00163109
    3.5214	0.00135802
   3.56031	0.00112692
   3.59922	0.000932519
   3.63813	0.000769882
   3.67704	0.000632903
   3.71595	0.000519252
   3.75486	0.000424395
   3.79377	0.000346569
   3.83268	0.000281979
    3.8716	0.00022891
   3.91051	0.000185327
   3.94942	0.000149404
   3.98833	0.00012008
   4.02724	9.63489e-005
   4.06615	7.69663e-005
   4.10506	6.1255e-005
   4.14397	4.87024e-005
   4.18288	3.85777e-005
   4.22179	3.04835e-005
    4.2607	2.41172e-005
   4.29961	1.89246e-005
   4.33852	1.4802e-005
   4.37743	1.15241e-005
   4.41634	8.97111e-006
   4.45525	6.94508e-006
   4.49416	5.30869e-006
   4.53307	4.05611e-006
   4.57198	3.09987e-006
   4.61089	2.32832e-006
   4.64981	1.7254e-006
   4.68872	1.26376e-006
   4.72763	9.22278e-007
   4.76654	6.57414e-007
   4.80545	4.45799e-007
   4.84436	3.00636e-007
   4.88327	1.74852e-007
   4.92218	9.07232e-008
