        -5	6.84482e-009
  -4.96109	3.23966e-008
  -4.92218	8.16546e-008
  -4.88327	1.48677e-007
  -4.84436	2.44299e-007
  -4.80545	3.85939e-007
  -4.76654	5.72525e-007
  -4.72763	7.96245e-007
  -4.68872	1.10603e-006
  -4.64981	1.49918e-006
  -4.61089	2.0129e-006
  -4.57198	2.67554e-006
  -4.53307	3.51415e-006
  -4.49416	4.61314e-006
  -4.45525	5.98658e-006
  -4.41634	7.82276e-006
  -4.37743	1.00897e-005
  -4.33852	1.29838e-005
  -4.29961	1.66148e-005
   -4.2607	2.12075e-005
  -4.22179	2.69636e-005
  -4.18288	3.42084e-005
  -4.14397	4.32297e-005
  -4.10506	5.44937e-005
  -4.06615	6.83521e-005
  -4.02724	8.56689e-005
  -3.98833	0.00010715
  -3.94942	0.00013345
  -3.91051	0.000165674
   -3.8716	0.000205349
  -3.83268	0.000253605
  -3.79377	0.000312607
  -3.75486	0.000383899
  -3.71595	0.000470357
  -3.67704	0.00057402
  -3.63813	0.000698871
  -3.59922	0.00084837
  -3.56031	0.00102704
   -3.5214	0.00123894
  -3.48249	0.00149109
  -3.44358	0.00178846
  -3.40467	0.00213924
  -3.36576	0.00255022
  -3.32685	0.00303087
  -3.28794	0.00359032
  -3.24903	0.00423925
  -3.21012	0.0049928
  -3.17121	0.00585829
   -3.1323	0.00685134
  -3.09339	0.00798658
  -3.05447	0.00927964
  -3.01556	0.010747
  -2.97665	0.0124056
  -2.93774	0.0142733
  -2.89883	0.0163665
  -2.85992	0.0187046
  -2.82101	0.0213001
   -2.7821	0.0241762
  -2.74319	0.0273476
  -2.70428	0.03083
  -2.66537	0.034638
  -2.62646	0.0387845
  -2.58755	0.0432796
  -2.54864	0.0481343
  -2.50973	0.0533511
  -2.47082	0.0589398
  -2.43191	0.0648885
    -2.393	0.0712023
  -2.35409	0.0778846
  -2.31518	0.0849187
  -2.27626	0.0922969
  -2.23735	0.100002
  -2.19844	0.108018
  -2.15953	0.116321
  -2.12062	0.124887
  -2.08171	0.133687
   -2.0428	0.142696
  -2.00389	0.151891
  -1.96498	0.161222
  -1.92607	0.17066
  -1.88716	0.180177
  -1.84825	0.189727
  -1.80934	0.199279
  -1.77043	0.208788
  -1.73152	0.21822
  -1.69261	0.227532
   -1.6537	0.236684
  -1.61479	0.24561
  -1.57588	0.254296
  -1.53696	0.262693
  -1.49805	0.270741
  -1.45914	0.278404
  -1.42023	0.285623
  -1.38132	0.292356
  -1.34241	0.298545
   -1.3035	0.304143
  -1.26459	0.309086
  -1.22568	0.313311
  -1.18677	0.31675
  -1.14786	0.319344
  -1.10895	0.321012
  -1.07004	0.32168
  -1.03113	0.321276
 -0.992218	0.319717
 -0.953307	0.316934
 -0.914397	0.312839
 -0.875486	0.307378
 -0.836576	0.300444
 -0.797665	0.292001
 -0.758755	0.282024
 -0.719844	0.270464
 -0.680934	0.257327
 -0.642023	0.242639
 -0.603113	0.226471
 -0.564202	0.208932
 -0.525292	0.190192
 -0.486381	0.170465
 -0.447471	0.150048
  -0.40856	0.129285
  -0.36965	0.108548
 -0.330739	0.088301
 -0.291829	0.069028
 -0.252918	0.0512313
 -0.214008	0.0354157
 -0.175097	0.0220541
 -0.136187	0.0115739
-0.0972763	0.00432023
-0.0583658	0.000545099
-0.0194553	0.000381411
 0.0194553	0.00383858
 0.0583658	0.0108042
 0.0972763	0.0210423
  0.136187	0.0342235
  0.175097	0.0499286
  0.214008	0.0676929
  0.252918	0.0870122
  0.291829	0.107385
  0.330739	0.128323
   0.36965	0.149352
   0.40856	0.17009
  0.447471	0.190189
  0.486381	0.209343
  0.525292	0.227329
  0.564202	0.243968
  0.603113	0.25914
  0.642023	0.272766
  0.680934	0.284813
  0.719844	0.295269
  0.758755	0.304185
  0.797665	0.311586
  0.836576	0.317502
  0.875486	0.322036
  0.914397	0.32524
  0.953307	0.327207
  0.992218	0.328
   1.03113	0.327708
   1.07004	0.326394
   1.10895	0.324137
   1.14786	0.321006
   1.18677	0.31708
   1.22568	0.31241
   1.26459	0.307061
    1.3035	0.3011
   1.34241	0.294573
   1.38132	0.287539
   1.42023	0.28004
   1.45914	0.272131
   1.49805	0.263847
   1.53696	0.255246
   1.57588	0.246382
   1.61479	0.23727
    1.6537	0.22796
   1.69261	0.218505
   1.73152	0.208936
   1.77043	0.1993
   1.80934	0.189632
   1.84825	0.179974
   1.88716	0.170365
   1.92607	0.160841
   1.96498	0.151426
   2.00389	0.142167
    2.0428	0.1331
   2.08171	0.124246
   2.12062	0.115637
   2.15953	0.1073
   2.19844	0.0992577
   2.23735	0.091532
   2.27626	0.0841427
   2.31518	0.0771012
   2.35409	0.0704293
     2.393	0.0641242
   2.43191	0.0581845
   2.47082	0.0526222
   2.50973	0.0474288
   2.54864	0.0426047
   2.58755	0.0381396
   2.62646	0.0340261
   2.66537	0.0302522
   2.70428	0.0268045
   2.74319	0.0236697
    2.7821	0.0208306
   2.82101	0.0182663
   2.85992	0.0159643
   2.89883	0.0139033
   2.93774	0.0120686
   2.97665	0.0104401
   3.01556	0.0090024
   3.05447	0.00773665
   3.09339	0.00662778
    3.1323	0.0056587
   3.17121	0.00481325
   3.21012	0.0040832
   3.24903	0.00345221
   3.28794	0.00290951
   3.32685	0.00244405
   3.36576	0.00204636
   3.40467	0.00170797
   3.44358	0.0014209
   3.48249	0.00117876
    3.5214	0.000974807
   3.56031	0.000803565
   3.59922	0.000660161
   3.63813	0.000541259
   3.67704	0.00044198
   3.71595	0.000360063
   3.75486	0.000292176
   3.79377	0.000236558
   3.83268	0.000190807
    3.8716	0.00015362
   3.91051	0.000123296
   3.94942	9.85718e-005
   3.98833	7.84211e-005
   4.02724	6.24105e-005
   4.06615	4.93886e-005
   4.10506	3.89851e-005
   4.14397	3.06338e-005
   4.18288	2.39931e-005
   4.22179	1.87215e-005
    4.2607	1.45383e-005
   4.29961	1.12405e-005
   4.33852	8.61782e-006
   4.37743	6.55935e-006
   4.41634	4.99088e-006
   4.45525	3.74787e-006
   4.49416	2.81003e-006
   4.53307	2.07213e-006
   4.57198	1.51549e-006
   4.61089	1.0867e-006
   4.64981	7.64996e-007
   4.68872	5.30021e-007
   4.72763	3.50331e-007
   4.76654	2.06166e-007
   4.80545	1.13214e-007
   4.84436	5.3921e-008
   4.88327	1.53013e-008
   4.92218	9.2055e-010
