        -5	1.70136e-008
  -4.96109	4.13342e-009
  -4.92218	2.05665e-008
  -4.88327	6.23559e-008
  -4.84436	1.44475e-007
  -4.80545	2.54909e-007
  -4.76654	4.10614e-007
  -4.72763	6.34607e-007
  -4.68872	9.0529e-007
  -4.64981	1.27019e-006
  -4.61089	1.75863e-006
  -4.57198	2.33847e-006
  -4.53307	3.12218e-006
  -4.49416	4.11801e-006
  -4.45525	5.32504e-006
  -4.41634	6.93475e-006
  -4.37743	8.91655e-006
  -4.33852	1.13979e-005
  -4.29961	1.45755e-005
   -4.2607	1.8533e-005
  -4.22179	2.34486e-005
  -4.18288	2.96769e-005
  -4.14397	3.73932e-005
  -4.10506	4.69888e-005
  -4.06615	5.8892e-005
  -4.02724	7.37864e-005
  -3.98833	9.18989e-005
  -3.94942	0.00011448
  -3.91051	0.000142242
   -3.8716	0.000176001
  -3.83268	0.000217549
  -3.79377	0.000268244
  -3.75486	0.000329485
  -3.71595	0.000404064
  -3.67704	0.000494095
  -3.63813	0.000602462
  -3.59922	0.000732285
  -3.56031	0.000888334
   -3.5214	0.00107392
  -3.48249	0.00129422
  -3.44358	0.00155625
  -3.40467	0.00186483
  -3.36576	0.00222784
  -3.32685	0.00265382
  -3.28794	0.00315189
  -3.24903	0.0037307
  -3.21012	0.00440223
  -3.17121	0.00517967
   -3.1323	0.00607289
  -3.09339	0.00709762
  -3.05447	0.00826933
  -3.01556	0.00960264
  -2.97665	0.0111127
  -2.93774	0.0128184
  -2.89883	0.0147391
  -2.85992	0.0168868
  -2.82101	0.0192846
   -2.7821	0.0219487
  -2.74319	0.0248983
  -2.70428	0.0281433
  -2.66537	0.0317076
  -2.62646	0.0356016
  -2.58755	0.0398366
  -2.54864	0.0444209
  -2.50973	0.0493687
  -2.47082	0.0546833
  -2.43191	0.0603624
    -2.393	0.0664124
  -2.35409	0.0728321
  -2.31518	0.0796161
  -2.27626	0.0867473
  -2.23735	0.0942257
  -2.19844	0.102032
  -2.15953	0.110146
  -2.12062	0.118536
  -2.08171	0.12719
   -2.0428	0.136075
  -2.00389	0.145158
  -1.96498	0.154403
  -1.92607	0.163789
  -1.88716	0.173282
  -1.84825	0.182839
  -1.80934	0.192423
  -1.77043	0.202001
  -1.73152	0.211536
  -1.69261	0.220975
   -1.6537	0.230279
  -1.61479	0.23941
  -1.57588	0.248339
  -1.53696	0.25701
  -1.49805	0.26538
  -1.45914	0.273405
  -1.42023	0.281047
  -1.38132	0.288245
  -1.34241	0.294943
   -1.3035	0.301091
  -1.26459	0.30665
  -1.22568	0.31156
  -1.18677	0.315752
  -1.14786	0.319159
  -1.10895	0.321719
  -1.07004	0.323366
  -1.03113	0.324018
 -0.992218	0.323596
 -0.953307	0.322029
 -0.914397	0.31925
 -0.875486	0.315175
 -0.836576	0.309719
 -0.797665	0.302807
 -0.758755	0.294387
 -0.719844	0.284424
 -0.680934	0.27289
 -0.642023	0.259773
 -0.603113	0.245095
 -0.564202	0.228927
 -0.525292	0.211382
 -0.486381	0.192625
 -0.447471	0.172867
  -0.40856	0.152388
  -0.36965	0.131522
 -0.330739	0.110672
 -0.291829	0.0902779
 -0.252918	0.0708256
 -0.214008	0.0528154
 -0.175097	0.0367588
 -0.136187	0.0231317
-0.0972763	0.0123658
-0.0583658	0.0048108
-0.0194553	0.000725049
 0.0194553	0.000249334
 0.0583658	0.00340045
 0.0972763	0.0100704
  0.136187	0.0200315
  0.175097	0.0329586
  0.214008	0.048437
  0.252918	0.0660021
  0.291829	0.085148
  0.330739	0.105374
   0.36965	0.126182
   0.40856	0.147123
  0.447471	0.167782
  0.486381	0.187813
  0.525292	0.206916
  0.564202	0.224858
  0.603113	0.241453
  0.642023	0.256586
  0.680934	0.270183
  0.719844	0.282215
  0.758755	0.292664
  0.797665	0.301545
  0.836576	0.308897
  0.875486	0.314786
  0.914397	0.319287
  0.953307	0.322469
  0.992218	0.324402
   1.03113	0.325165
   1.07004	0.324838
   1.10895	0.323497
   1.14786	0.321212
   1.18677	0.318056
   1.22568	0.314108
   1.26459	0.309435
    1.3035	0.304088
   1.34241	0.298118
   1.38132	0.291582
   1.42023	0.284542
   1.45914	0.277047
   1.49805	0.269142
   1.53696	0.260878
   1.57588	0.252307
   1.61479	0.243467
    1.6537	0.234395
   1.69261	0.225128
   1.73152	0.215717
   1.77043	0.206204
   1.80934	0.196628
   1.84825	0.187024
   1.88716	0.177443
   1.92607	0.167918
   1.96498	0.158481
   2.00389	0.149163
    2.0428	0.140002
   2.08171	0.131032
   2.12062	0.122277
   2.15953	0.113769
   2.19844	0.105535
   2.23735	0.0976062
   2.27626	0.0899885
   2.31518	0.08271
   2.35409	0.0757779
     2.393	0.0692101
   2.43191	0.0629988
   2.47082	0.0571604
   2.50973	0.05169
   2.54864	0.0465878
   2.58755	0.0418451
   2.62646	0.0374583
   2.66537	0.0334213
   2.70428	0.0297133
   2.74319	0.0263304
    2.7821	0.0232506
   2.82101	0.0204662
   2.85992	0.0179488
   2.89883	0.0156918
   2.93774	0.0136714
   2.97665	0.0118715
   3.01556	0.0102736
   3.05447	0.00886167
   3.09339	0.0076198
    3.1323	0.00652838
   3.17121	0.0055768
   3.21012	0.0047484
   3.24903	0.00402962
   3.28794	0.00340932
   3.32685	0.00287518
   3.36576	0.00241801
   3.40467	0.00202601
   3.44358	0.00169363
   3.48249	0.00141116
    3.5214	0.00117192
   3.56031	0.000971075
   3.59922	0.00080185
   3.63813	0.00066055
   3.67704	0.000542293
   3.71595	0.000444356
   3.75486	0.00036292
   3.79377	0.000295486
   3.83268	0.000240302
    3.8716	0.000194641
   3.91051	0.00015726
   3.94942	0.000126983
   3.98833	0.000101975
   4.02724	8.19161e-005
   4.06615	6.55343e-005
   4.10506	5.23524e-005
   4.14397	4.16896e-005
   4.18288	3.31299e-005
   4.22179	2.62855e-005
    4.2607	2.07553e-005
   4.29961	1.63686e-005
   4.33852	1.29007e-005
   4.37743	1.00554e-005
   4.41634	7.89093e-006
   4.45525	6.12404e-006
   4.49416	4.71279e-006
   4.53307	3.65224e-006
   4.57198	2.76426e-006
   4.61089	2.0835e-006
   4.64981	1.56761e-006
   4.68872	1.13121e-006
   4.72763	8.13977e-007
   4.76654	5.68736e-007
   4.80545	3.65301e-007
   4.84436	2.3134e-007
   4.88327	1.2541e-007
   4.92218	5.35302e-008
