        -5	1.66428e-008
  -4.96109	1.09192e-008
  -4.92218	3.28818e-008
  -4.88327	7.35456e-008
  -4.84436	1.45148e-007
  -4.80545	2.39665e-007
  -4.76654	3.79435e-007
  -4.72763	5.64054e-007
  -4.68872	8.08705e-007
  -4.64981	1.14041e-006
  -4.61089	1.56811e-006
  -4.57198	2.08304e-006
  -4.53307	2.78623e-006
  -4.49416	3.69255e-006
  -4.45525	4.86971e-006
  -4.41634	6.333e-006
  -4.37743	8.19735e-006
  -4.33852	1.04987e-005
  -4.29961	1.3468e-005
   -4.2607	1.72264e-005
  -4.22179	2.19667e-005
  -4.18288	2.78762e-005
  -4.14397	3.52667e-005
  -4.10506	4.4527e-005
  -4.06615	5.62322e-005
  -4.02724	7.07635e-005
  -3.98833	8.88334e-005
  -3.94942	0.000110903
  -3.91051	0.000138067
   -3.8716	0.000171766
  -3.83268	0.000212631
  -3.79377	0.000262561
  -3.75486	0.000323289
  -3.71595	0.000397005
  -3.67704	0.000486127
  -3.63813	0.000593083
  -3.59922	0.000722339
  -3.56031	0.000876587
   -3.5214	0.00106127
  -3.48249	0.00128028
  -3.44358	0.00154083
  -3.40467	0.00184825
  -3.36576	0.00220984
  -3.32685	0.0026351
  -3.28794	0.0031324
  -3.24903	0.00371124
  -3.21012	0.00438142
  -3.17121	0.00515743
   -3.1323	0.00604997
  -3.09339	0.00707342
  -3.05447	0.00824332
  -3.01556	0.00957586
  -2.97665	0.0110842
  -2.93774	0.0127905
  -2.89883	0.0147046
  -2.85992	0.0168497
  -2.82101	0.0192442
   -2.7821	0.0219034
  -2.74319	0.024845
  -2.70428	0.0280874
  -2.66537	0.0316396
  -2.62646	0.0355254
  -2.58755	0.039751
  -2.54864	0.0443262
  -2.50973	0.0492637
  -2.47082	0.0545679
  -2.43191	0.0602458
    -2.393	0.066287
  -2.35409	0.0726983
  -2.31518	0.079471
  -2.27626	0.0865961
  -2.23735	0.0940637
  -2.19844	0.10185
  -2.15953	0.109945
  -2.12062	0.118317
  -2.08171	0.126948
   -2.0428	0.135806
  -2.00389	0.144867
  -1.96498	0.154099
  -1.92607	0.163463
  -1.88716	0.172939
  -1.84825	0.182468
  -1.80934	0.192027
  -1.77043	0.201573
  -1.73152	0.211083
  -1.69261	0.220494
   -1.6537	0.229778
  -1.61479	0.238892
  -1.57588	0.247789
  -1.53696	0.256426
  -1.49805	0.264772
  -1.45914	0.272763
  -1.42023	0.280373
  -1.38132	0.28755
  -1.34241	0.294227
   -1.3035	0.30038
  -1.26459	0.305937
  -1.22568	0.31085
  -1.18677	0.315054
  -1.14786	0.318489
  -1.10895	0.32109
  -1.07004	0.322793
  -1.03113	0.32351
 -0.992218	0.323168
 -0.953307	0.321677
 -0.914397	0.318995
 -0.875486	0.315011
 -0.836576	0.309661
 -0.797665	0.30288
 -0.758755	0.294613
 -0.719844	0.284802
 -0.680934	0.273406
 -0.642023	0.260444
 -0.603113	0.245926
 -0.564202	0.22991
 -0.525292	0.212507
 -0.486381	0.193888
 -0.447471	0.174254
  -0.40856	0.153874
  -0.36965	0.133083
 -0.330739	0.112271
 -0.291829	0.091869
 -0.252918	0.0723645
 -0.214008	0.0542559
 -0.175097	0.0380452
 -0.136187	0.0242209
-0.0972763	0.0132069
-0.0583658	0.0053633
-0.0194553	0.000957459
 0.0194553	0.000139733
 0.0583658	0.00293906
 0.0972763	0.00925747
  0.136187	0.0188858
  0.175097	0.0315035
  0.214008	0.046708
  0.252918	0.0640406
  0.291829	0.0829976
  0.330739	0.103083
   0.36965	0.123802
   0.40856	0.144689
  0.447471	0.165339
  0.486381	0.185395
  0.525292	0.204562
  0.564202	0.22258
  0.603113	0.23928
  0.642023	0.25454
  0.680934	0.268263
  0.719844	0.280412
  0.758755	0.290981
  0.797665	0.300005
  0.836576	0.307503
  0.875486	0.313535
  0.914397	0.318183
  0.953307	0.321505
  0.992218	0.323568
   1.03113	0.324457
   1.07004	0.32426
   1.10895	0.323044
   1.14786	0.320894
   1.18677	0.317876
   1.22568	0.314057
   1.26459	0.309494
    1.3035	0.304269
   1.34241	0.298411
   1.38132	0.291998
   1.42023	0.28508
   1.45914	0.277692
   1.49805	0.269897
   1.53696	0.261734
   1.57588	0.253244
   1.61479	0.244483
    1.6537	0.235483
   1.69261	0.226282
   1.73152	0.216939
   1.77043	0.207482
   1.80934	0.197963
   1.84825	0.188394
   1.88716	0.178844
   1.92607	0.169332
   1.96498	0.159906
   2.00389	0.150596
    2.0428	0.141431
   2.08171	0.132452
   2.12062	0.12368
   2.15953	0.115151
   2.19844	0.106884
   2.23735	0.0989139
   2.27626	0.0912534
   2.31518	0.0839232
   2.35409	0.0769393
     2.393	0.0703062
   2.43191	0.0640351
   2.47082	0.058133
   2.50973	0.0526035
   2.54864	0.0474386
   2.58755	0.042637
   2.62646	0.0381961
   2.66537	0.0340975
   2.70428	0.0303356
   2.74319	0.0268977
    2.7821	0.0237667
   2.82101	0.0209312
   2.85992	0.0183728
   2.89883	0.0160681
   2.93774	0.0140077
   2.97665	0.0121688
   3.01556	0.0105366
   3.05447	0.00909397
   3.09339	0.00782196
    3.1323	0.00670549
   3.17121	0.00573127
   3.21012	0.00488153
   3.24903	0.00414464
   3.28794	0.00350661
   3.32685	0.00295914
   3.36576	0.00248869
   3.40467	0.00208643
   3.44358	0.00174412
   3.48249	0.00145329
    3.5214	0.00120793
   3.56031	0.00100035
   3.59922	0.000826779
   3.63813	0.000681
   3.67704	0.000559503
   3.71595	0.000458045
   3.75486	0.000374155
   3.79377	0.000304745
   3.83268	0.000247246
    3.8716	0.000200248
   3.91051	0.000161845
   3.94942	0.000130213
   3.98833	0.00010438
   4.02724	8.34343e-005
   4.06615	6.6531e-005
   4.10506	5.2959e-005
   4.14397	4.2103e-005
   4.18288	3.33234e-005
   4.22179	2.62875e-005
    4.2607	2.06989e-005
   4.29961	1.62745e-005
   4.33852	1.27502e-005
   4.37743	9.96933e-006
   4.41634	7.69493e-006
   4.45525	5.92271e-006
   4.49416	4.51068e-006
   4.53307	3.44989e-006
   4.57198	2.59612e-006
   4.61089	1.90991e-006
   4.64981	1.39351e-006
   4.68872	9.95196e-007
   4.72763	6.98403e-007
   4.76654	4.83079e-007
   4.80545	3.09545e-007
   4.84436	1.92885e-007
   4.88327	1.05755e-007
   4.92218	5.01507e-008
