        -5	1.08225e-008
  -4.96109	1.93553e-008
  -4.92218	5.64753e-008
  -4.88327	1.26227e-007
  -4.84436	2.42031e-007
  -4.80545	3.99845e-007
  -4.76654	6.13058e-007
  -4.72763	8.84427e-007
  -4.68872	1.23607e-006
  -4.64981	1.68039e-006
  -4.61089	2.25225e-006
  -4.57198	2.97866e-006
  -4.53307	3.91893e-006
  -4.49416	5.13314e-006
  -4.45525	6.65627e-006
  -4.41634	8.54857e-006
  -4.37743	1.09024e-005
  -4.33852	1.3858e-005
  -4.29961	1.75491e-005
   -4.2607	2.21206e-005
  -4.22179	2.78643e-005
  -4.18288	3.50978e-005
  -4.14397	4.41e-005
  -4.10506	5.52561e-005
  -4.06615	6.88478e-005
  -4.02724	8.56439e-005
  -3.98833	0.000106364
  -3.94942	0.000131707
  -3.91051	0.000162498
   -3.8716	0.000200509
  -3.83268	0.00024673
  -3.79377	0.000303027
  -3.75486	0.000371002
  -3.71595	0.000452523
  -3.67704	0.000551167
  -3.63813	0.000669613
  -3.59922	0.000810904
  -3.56031	0.000979187
   -3.5214	0.00118038
  -3.48249	0.00141781
  -3.44358	0.00169947
  -3.40467	0.00202989
  -3.36576	0.00241809
  -3.32685	0.00287267
  -3.28794	0.00340279
  -3.24903	0.00401749
  -3.21012	0.00472948
  -3.17121	0.00554955
   -3.1323	0.006491
  -3.09339	0.00756897
  -3.05447	0.00879895
  -3.01556	0.010196
  -2.97665	0.0117765
  -2.93774	0.0135577
  -2.89883	0.0155593
  -2.85992	0.0177925
  -2.82101	0.0202801
   -2.7821	0.0230358
  -2.74319	0.0260817
  -2.70428	0.0294341
  -2.66537	0.0331024
  -2.62646	0.0371011
  -2.58755	0.0414477
  -2.54864	0.046148
  -2.50973	0.0512072
  -2.47082	0.0566373
  -2.43191	0.0624335
    -2.393	0.0685971
  -2.35409	0.0751233
  -2.31518	0.0820043
  -2.27626	0.0892329
  -2.23735	0.0967876
  -2.19844	0.104665
  -2.15953	0.11284
  -2.12062	0.121289
  -2.08171	0.129989
   -2.0428	0.138897
  -2.00389	0.148001
  -1.96498	0.157268
  -1.92607	0.166658
  -1.88716	0.176132
  -1.84825	0.185664
  -1.80934	0.195204
  -1.77043	0.204721
  -1.73152	0.21418
  -1.69261	0.223543
   -1.6537	0.232761
  -1.61479	0.24179
  -1.57588	0.250603
  -1.53696	0.259146
  -1.49805	0.267363
  -1.45914	0.275234
  -1.42023	0.28269
  -1.38132	0.2897
  -1.34241	0.296203
   -1.3035	0.302147
  -1.26459	0.307481
  -1.22568	0.312139
  -1.18677	0.31608
  -1.14786	0.31923
  -1.10895	0.321521
  -1.07004	0.322883
  -1.03113	0.323223
 -0.992218	0.322494
 -0.953307	0.320612
 -0.914397	0.31749
 -0.875486	0.313055
 -0.836576	0.307228
 -0.797665	0.299945
 -0.758755	0.291147
 -0.719844	0.280808
 -0.680934	0.268905
 -0.642023	0.255422
 -0.603113	0.240404
 -0.564202	0.223937
 -0.525292	0.206135
 -0.486381	0.187175
 -0.447471	0.167291
  -0.40856	0.146771
  -0.36965	0.125953
 -0.330739	0.105256
 -0.291829	0.0851377
 -0.252918	0.0660783
 -0.214008	0.0485768
 -0.175097	0.0331379
 -0.136187	0.020223
-0.0972763	0.0102436
-0.0583658	0.00353107
-0.0194553	0.00031281
 0.0194553	0.000698184
 0.0583658	0.00467662
 0.0972763	0.0121123
  0.136187	0.0227542
  0.175097	0.0362593
  0.214008	0.0521978
  0.252918	0.0700984
  0.291829	0.089465
  0.330739	0.109798
   0.36965	0.130601
   0.40856	0.151439
  0.447471	0.171917
  0.486381	0.191697
  0.525292	0.210496
  0.564202	0.228103
  0.603113	0.244346
  0.642023	0.259103
  0.680934	0.272319
  0.719844	0.283976
  0.758755	0.294056
  0.797665	0.302592
  0.836576	0.309622
  0.875486	0.315208
  0.914397	0.319416
  0.953307	0.322327
  0.992218	0.32403
   1.03113	0.324573
   1.07004	0.324049
   1.10895	0.322533
   1.14786	0.320098
   1.18677	0.31683
   1.22568	0.312775
   1.26459	0.308006
    1.3035	0.302573
   1.34241	0.296536
   1.38132	0.28996
   1.42023	0.282878
   1.45914	0.275361
   1.49805	0.267433
   1.53696	0.259146
   1.57588	0.25056
   1.61479	0.241704
    1.6537	0.232622
   1.69261	0.223361
   1.73152	0.213968
   1.77043	0.204478
   1.80934	0.194921
   1.84825	0.185353
   1.88716	0.175797
   1.92607	0.166295
   1.96498	0.156888
   2.00389	0.147617
    2.0428	0.138496
   2.08171	0.129568
   2.12062	0.120862
   2.15953	0.112407
   2.19844	0.104236
   2.23735	0.0963586
   2.27626	0.0888016
   2.31518	0.0815774
   2.35409	0.0747005
     2.393	0.0681826
   2.43191	0.0620257
   2.47082	0.056243
   2.50973	0.0508265
   2.54864	0.0457766
   2.58755	0.041094
   2.62646	0.0367648
   2.66537	0.0327773
   2.70428	0.0291249
   2.74319	0.0257961
    2.7821	0.022769
   2.82101	0.0200318
   2.85992	0.0175606
   2.89883	0.0153442
   2.93774	0.0133629
   2.97665	0.0115992
   3.01556	0.0100353
   3.05447	0.00865459
   3.09339	0.00744099
    3.1323	0.00637706
   3.17121	0.00544759
   3.21012	0.00464003
   3.24903	0.00393886
   3.28794	0.00333349
   3.32685	0.00281313
   3.36576	0.00236754
   3.40467	0.00198529
   3.44358	0.00166086
   3.48249	0.00138443
    3.5214	0.00115168
   3.56031	0.000955402
   3.59922	0.000789976
   3.63813	0.000651414
   3.67704	0.000536163
   3.71595	0.000439836
   3.75486	0.000359489
   3.79377	0.000293113
   3.83268	0.000238198
    3.8716	0.000193438
   3.91051	0.000156586
   3.94942	0.000126405
   3.98833	0.000101813
   4.02724	8.18645e-005
   4.06615	6.55373e-005
   4.10506	5.22561e-005
   4.14397	4.15373e-005
   4.18288	3.29634e-005
   4.22179	2.61145e-005
    4.2607	2.06414e-005
   4.29961	1.62639e-005
   4.33852	1.27782e-005
   4.37743	9.98468e-006
   4.41634	7.76649e-006
   4.45525	5.96555e-006
   4.49416	4.57763e-006
   4.53307	3.47504e-006
   4.57198	2.62114e-006
   4.61089	1.96052e-006
   4.64981	1.4461e-006
   4.68872	1.03696e-006
   4.72763	7.23169e-007
   4.76654	4.84012e-007
   4.80545	2.96315e-007
   4.84436	1.73213e-007
   4.88327	8.0219e-008
   4.92218	3.11375e-008
