        -5	1.55691e-010
  -4.96109	7.91952e-009
  -4.92218	3.96585e-008
  -4.88327	1.00651e-007
  -4.84436	1.82242e-007
  -4.80545	2.95661e-007
  -4.76654	4.47007e-007
  -4.72763	6.51334e-007
  -4.68872	9.1275e-007
  -4.64981	1.26963e-006
  -4.61089	1.74051e-006
  -4.57198	2.35584e-006
  -4.53307	3.16657e-006
  -4.49416	4.20628e-006
  -4.45525	5.55306e-006
  -4.41634	7.18197e-006
  -4.37743	9.32517e-006
  -4.33852	1.20347e-005
  -4.29961	1.54357e-005
   -4.2607	1.97691e-005
  -4.22179	2.51661e-005
  -4.18288	3.19598e-005
  -4.14397	4.04899e-005
  -4.10506	5.10487e-005
  -4.06615	6.43278e-005
  -4.02724	8.0587e-005
  -3.98833	0.000100616
  -3.94942	0.000125631
  -3.91051	0.000156385
   -3.8716	0.000194074
  -3.83268	0.000240185
  -3.79377	0.000296596
  -3.75486	0.00036473
  -3.71595	0.00044684
  -3.67704	0.000546401
  -3.63813	0.000665898
  -3.59922	0.000808994
  -3.56031	0.000980223
   -3.5214	0.00118407
  -3.48249	0.0014261
  -3.44358	0.00171182
  -3.40467	0.00204859
  -3.36576	0.00244431
  -3.32685	0.00290724
  -3.28794	0.00344719
  -3.24903	0.00407525
  -3.21012	0.00480167
  -3.17121	0.00564141
   -3.1323	0.00660376
  -3.09339	0.00770613
  -3.05447	0.00896297
  -3.01556	0.0103916
  -2.97665	0.0120038
  -2.93774	0.0138224
  -2.89883	0.0158609
  -2.85992	0.0181404
  -2.82101	0.0206778
   -2.7821	0.0234886
  -2.74319	0.0265927
  -2.70428	0.0300043
  -2.66537	0.0337375
  -2.62646	0.0378077
  -2.58755	0.0422235
  -2.54864	0.0469979
  -2.50973	0.0521355
  -2.47082	0.0576396
  -2.43191	0.0635219
    -2.393	0.0697693
  -2.35409	0.0763767
  -2.31518	0.0833413
  -2.27626	0.0906545
  -2.23735	0.0982923
  -2.19844	0.106246
  -2.15953	0.114498
  -2.12062	0.123023
  -2.08171	0.13178
   -2.0428	0.14076
  -2.00389	0.149917
  -1.96498	0.159235
  -1.92607	0.168674
  -1.88716	0.178183
  -1.84825	0.187743
  -1.80934	0.197301
  -1.77043	0.206833
  -1.73152	0.216301
  -1.69261	0.225645
   -1.6537	0.234828
  -1.61479	0.243819
  -1.57588	0.252568
  -1.53696	0.261027
  -1.49805	0.269161
  -1.45914	0.276936
  -1.42023	0.284279
  -1.38132	0.291152
  -1.34241	0.297508
   -1.3035	0.303284
  -1.26459	0.308424
  -1.22568	0.312871
  -1.18677	0.316569
  -1.14786	0.319446
  -1.10895	0.321431
  -1.07004	0.322447
  -1.03113	0.322422
 -0.992218	0.321278
 -0.953307	0.318943
 -0.914397	0.315319
 -0.875486	0.310353
 -0.836576	0.303969
 -0.797665	0.296086
 -0.758755	0.286656
 -0.719844	0.275667
 -0.680934	0.263087
 -0.642023	0.248937
 -0.603113	0.233278
 -0.564202	0.216207
 -0.525292	0.197856
 -0.486381	0.17843
 -0.447471	0.158189
  -0.40856	0.137452
  -0.36965	0.11661
 -0.330739	0.0960776
 -0.291829	0.0763276
 -0.252918	0.0578689
 -0.214008	0.0412053
 -0.175097	0.026832
 -0.136187	0.0151925
-0.0972763	0.00667057
-0.0583658	0.00155066
-0.0194553	1.30774e-005
 0.0194553	0.00211248
 0.0583658	0.00777863
 0.0972763	0.0168235
  0.136187	0.0289447
  0.175097	0.0437585
  0.214008	0.0608077
  0.252918	0.0796026
  0.291829	0.0996271
  0.330739	0.12038
   0.36965	0.141407
   0.40856	0.162275
  0.447471	0.182609
  0.486381	0.202097
  0.525292	0.220476
  0.564202	0.237566
  0.603113	0.253226
  0.642023	0.267362
  0.680934	0.279917
  0.719844	0.290899
  0.758755	0.300301
  0.797665	0.308155
  0.836576	0.314526
  0.875486	0.319488
  0.914397	0.32309
  0.953307	0.325427
  0.992218	0.32657
   1.03113	0.326603
   1.07004	0.325593
   1.10895	0.32362
   1.14786	0.320759
   1.18677	0.317083
   1.22568	0.312656
   1.26459	0.307533
    1.3035	0.301773
   1.34241	0.29544
   1.38132	0.288583
   1.42023	0.281238
   1.45914	0.273482
   1.49805	0.265353
   1.53696	0.256886
   1.57588	0.248127
   1.61479	0.239128
    1.6537	0.229919
   1.69261	0.220533
   1.73152	0.21103
   1.77043	0.201452
   1.80934	0.191822
   1.84825	0.182196
   1.88716	0.17259
   1.92607	0.163058
   1.96498	0.153642
   2.00389	0.144361
    2.0428	0.135263
   2.08171	0.126363
   2.12062	0.117698
   2.15953	0.109303
   2.19844	0.1012
   2.23735	0.0934007
   2.27626	0.0859337
   2.31518	0.0788125
   2.35409	0.0720442
     2.393	0.0656347
   2.43191	0.0596046
   2.47082	0.0539461
   2.50973	0.04866
   2.54864	0.0437448
   2.58755	0.039191
   2.62646	0.0349927
   2.66537	0.0311364
   2.70428	0.0276095
   2.74319	0.0243998
    2.7821	0.0214881
   2.82101	0.0188596
   2.85992	0.0164979
   2.89883	0.0143815
   2.93774	0.0124967
   2.97665	0.0108194
   3.01556	0.00933637
   3.05447	0.00802969
   3.09339	0.00688403
    3.1323	0.00587993
   3.17121	0.00500702
   3.21012	0.00424911
   3.24903	0.00359472
   3.28794	0.00303147
   3.32685	0.0025482
   3.36576	0.0021355
   3.40467	0.00178422
   3.44358	0.00148575
   3.48249	0.00123346
    3.5214	0.00102076
   3.56031	0.000842515
   3.59922	0.000693233
   3.63813	0.000568567
   3.67704	0.000465406
   3.71595	0.000379751
   3.75486	0.000308551
   3.79377	0.000250103
   3.83268	0.000202106
    3.8716	0.00016281
   3.91051	0.000130691
   3.94942	0.000104901
   3.98833	8.39863e-005
   4.02724	6.69012e-005
   4.06615	5.32581e-005
   4.10506	4.22285e-005
   4.14397	3.3414e-005
   4.18288	2.63966e-005
   4.22179	2.07441e-005
    4.2607	1.62961e-005
   4.29961	1.27356e-005
   4.33852	9.91163e-006
   4.37743	7.74748e-006
   4.41634	5.96804e-006
   4.45525	4.56365e-006
   4.49416	3.45449e-006
   4.53307	2.58776e-006
   4.57198	1.91614e-006
   4.61089	1.39603e-006
   4.64981	1.01338e-006
   4.68872	7.13411e-007
   4.72763	4.92723e-007
   4.76654	3.26642e-007
   4.80545	2.06108e-007
   4.84436	1.08677e-007
   4.88327	4.49786e-008
   4.92218	1.26229e-008
