        -5	1.13481e-008
  -4.96109	3.52589e-008
  -4.92218	8.45365e-008
  -4.88327	1.65469e-007
  -4.84436	2.76474e-007
  -4.80545	4.19658e-007
  -4.76654	6.2608e-007
  -4.72763	8.86089e-007
  -4.68872	1.21355e-006
  -4.64981	1.63359e-006
  -4.61089	2.2105e-006
  -4.57198	2.93426e-006
  -4.53307	3.87585e-006
  -4.49416	5.0202e-006
  -4.45525	6.4307e-006
  -4.41634	8.26963e-006
  -4.37743	1.0597e-005
  -4.33852	1.34904e-005
  -4.29961	1.71534e-005
   -4.2607	2.18674e-005
  -4.22179	2.77171e-005
  -4.18288	3.49344e-005
  -4.14397	4.41053e-005
  -4.10506	5.53838e-005
  -4.06615	6.96008e-005
  -4.02724	8.71934e-005
  -3.98833	0.000108781
  -3.94942	0.000135495
  -3.91051	0.000168026
   -3.8716	0.000208029
  -3.83268	0.000256767
  -3.79377	0.000316152
  -3.75486	0.000387646
  -3.71595	0.000474384
  -3.67704	0.000578519
  -3.63813	0.00070462
  -3.59922	0.000855543
  -3.56031	0.00103516
   -3.5214	0.00124878
  -3.48249	0.001502
  -3.44358	0.00180109
  -3.40467	0.00215303
  -3.36576	0.00256626
  -3.32685	0.00304876
  -3.28794	0.00361082
  -3.24903	0.00426304
  -3.21012	0.0050192
  -3.17121	0.00589027
   -3.1323	0.00688787
  -3.09339	0.00802854
  -3.05447	0.00932645
  -3.01556	0.0107991
  -2.97665	0.0124623
  -2.93774	0.0143344
  -2.89883	0.0164302
  -2.85992	0.0187714
  -2.82101	0.0213721
   -2.7821	0.0242566
  -2.74319	0.0274337
  -2.70428	0.03092
  -2.66537	0.0347324
  -2.62646	0.0388795
  -2.58755	0.0433796
  -2.54864	0.0482404
  -2.50973	0.0534614
  -2.47082	0.0590496
  -2.43191	0.0650111
    -2.393	0.0713357
  -2.35409	0.0780214
  -2.31518	0.0850581
  -2.27626	0.0924414
  -2.23735	0.100152
  -2.19844	0.108169
  -2.15953	0.116474
  -2.12062	0.125041
  -2.08171	0.133843
   -2.0428	0.142855
  -2.00389	0.152039
  -1.96498	0.161371
  -1.92607	0.170803
  -1.88716	0.180317
  -1.84825	0.189864
  -1.80934	0.199405
  -1.77043	0.20891
  -1.73152	0.218323
  -1.69261	0.227615
   -1.6537	0.236744
  -1.61479	0.245661
  -1.57588	0.254328
  -1.53696	0.262695
  -1.49805	0.270727
  -1.45914	0.278359
  -1.42023	0.285556
  -1.38132	0.292269
  -1.34241	0.298432
   -1.3035	0.30401
  -1.26459	0.308923
  -1.22568	0.313126
  -1.18677	0.316546
  -1.14786	0.319116
  -1.10895	0.320769
  -1.07004	0.321431
  -1.03113	0.32102
 -0.992218	0.319453
 -0.953307	0.316656
 -0.914397	0.312554
 -0.875486	0.307081
 -0.836576	0.30016
 -0.797665	0.291717
 -0.758755	0.281723
 -0.719844	0.270152
 -0.680934	0.256989
 -0.642023	0.242269
 -0.603113	0.226079
 -0.564202	0.20852
 -0.525292	0.189754
 -0.486381	0.170018
 -0.447471	0.149575
  -0.40856	0.128794
  -0.36965	0.108053
 -0.330739	0.0878163
 -0.291829	0.0685635
 -0.252918	0.050799
 -0.214008	0.0350255
 -0.175097	0.0217289
 -0.136187	0.0113256
-0.0972763	0.00416314
-0.0583658	0.000488991
-0.0194553	0.000434313
 0.0194553	0.00400541
 0.0583658	0.0110839
 0.0972763	0.0214326
  0.136187	0.0347136
  0.175097	0.0505142
  0.214008	0.0683595
  0.252918	0.0877402
  0.291829	0.108156
  0.330739	0.129119
   0.36965	0.150169
   0.40856	0.170913
  0.447471	0.19098
  0.486381	0.210104
  0.525292	0.228039
  0.564202	0.244619
  0.603113	0.259737
  0.642023	0.273307
  0.680934	0.285282
  0.719844	0.295682
  0.758755	0.30452
  0.797665	0.311834
  0.836576	0.317681
  0.875486	0.322144
  0.914397	0.325297
  0.953307	0.327207
  0.992218	0.327954
   1.03113	0.327613
   1.07004	0.326259
   1.10895	0.323977
   1.14786	0.320827
   1.18677	0.316878
   1.22568	0.312198
   1.26459	0.30684
    1.3035	0.300878
   1.34241	0.294344
   1.38132	0.287308
   1.42023	0.279815
   1.45914	0.2719
   1.49805	0.263631
   1.53696	0.255037
   1.57588	0.246168
   1.61479	0.237061
    1.6537	0.227767
   1.69261	0.218322
   1.73152	0.208757
   1.77043	0.199129
   1.80934	0.189468
   1.84825	0.179814
   1.88716	0.170215
   1.92607	0.16069
   1.96498	0.15129
   2.00389	0.14204
    2.0428	0.132979
   2.08171	0.124134
   2.12062	0.115535
   2.15953	0.107209
   2.19844	0.0991736
   2.23735	0.0914563
   2.27626	0.0840744
   2.31518	0.077043
   2.35409	0.0703713
     2.393	0.0640623
   2.43191	0.0581299
   2.47082	0.0525702
   2.50973	0.047379
   2.54864	0.0425555
   2.58755	0.0380986
   2.62646	0.0339898
   2.66537	0.0302216
   2.70428	0.0267777
   2.74319	0.0236413
    2.7821	0.0208054
   2.82101	0.0182456
   2.85992	0.0159481
   2.89883	0.0138913
   2.93774	0.0120598
   2.97665	0.0104333
   3.01556	0.00899707
   3.05447	0.00773224
   3.09339	0.00662329
    3.1323	0.00565304
   3.17121	0.00480778
   3.21012	0.00407687
   3.24903	0.0034459
   3.28794	0.00290318
   3.32685	0.00243799
   3.36576	0.00204115
   3.40467	0.00170316
   3.44358	0.00141687
   3.48249	0.00117513
    3.5214	0.000971604
   3.56031	0.000800422
   3.59922	0.000657013
   3.63813	0.000538393
   3.67704	0.000439766
   3.71595	0.000358384
   3.75486	0.000291071
   3.79377	0.000235722
   3.83268	0.00019023
    3.8716	0.000153305
   3.91051	0.000122992
   3.94942	9.84847e-005
   3.98833	7.84457e-005
   4.02724	6.22948e-005
   4.06615	4.94327e-005
   4.10506	3.90163e-005
   4.14397	3.07886e-005
   4.18288	2.41719e-005
   4.22179	1.88212e-005
    4.2607	1.46697e-005
   4.29961	1.14127e-005
   4.33852	8.80829e-006
   4.37743	6.7745e-006
   4.41634	5.21983e-006
   4.45525	4.00485e-006
   4.49416	3.00899e-006
   4.53307	2.23772e-006
   4.57198	1.63289e-006
   4.61089	1.17967e-006
   4.64981	8.43549e-007
   4.68872	5.83368e-007
   4.72763	3.78466e-007
   4.76654	2.39556e-007
   4.80545	1.34364e-007
   4.84436	6.48906e-008
   4.88327	2.25947e-008
   4.92218	6.24842e-009
