        -5	5.00603e-008
  -4.96109	1.06273e-008
  -4.92218	7.52848e-010
  -4.88327	1.91442e-008
  -4.84436	6.60652e-008
  -4.80545	1.43023e-007
  -4.76654	2.5471e-007
  -4.72763	4.11031e-007
  -4.68872	6.22028e-007
  -4.64981	9.10873e-007
  -4.61089	1.2844e-006
  -4.57198	1.78012e-006
  -4.53307	2.39101e-006
  -4.49416	3.18151e-006
  -4.45525	4.15371e-006
  -4.41634	5.42156e-006
  -4.37743	7.04187e-006
  -4.33852	9.11217e-006
  -4.29961	1.17479e-005
   -4.2607	1.49512e-005
  -4.22179	1.8994e-005
  -4.18288	2.40119e-005
  -4.14397	3.03588e-005
  -4.10506	3.83289e-005
  -4.06615	4.80557e-005
  -4.02724	6.00398e-005
  -3.98833	7.50805e-005
  -3.94942	9.35536e-005
  -3.91051	0.000116334
   -3.8716	0.00014418
  -3.83268	0.000178325
  -3.79377	0.00022023
  -3.75486	0.000271246
  -3.71595	0.000332967
  -3.67704	0.000407996
  -3.63813	0.000498702
  -3.59922	0.00060769
  -3.56031	0.000738867
   -3.5214	0.000895244
  -3.48249	0.00108188
  -3.44358	0.00130461
  -3.40467	0.00156782
  -3.36576	0.00187768
  -3.32685	0.00224364
  -3.28794	0.00267151
  -3.24903	0.0031736
  -3.21012	0.00375681
  -3.17121	0.00443329
   -3.1323	0.00521532
  -3.09339	0.00611535
  -3.05447	0.00715002
  -3.01556	0.00833228
  -2.97665	0.00967981
  -2.93774	0.0112075
  -2.89883	0.0129329
  -2.85992	0.014874
  -2.82101	0.0170479
   -2.7821	0.0194746
  -2.74319	0.02217
  -2.70428	0.0251542
  -2.66537	0.0284411
  -2.62646	0.0320484
  -2.58755	0.0359883
  -2.54864	0.040274
  -2.50973	0.0449159
  -2.47082	0.0499216
  -2.43191	0.0552988
    -2.393	0.0610476
  -2.35409	0.0671721
  -2.31518	0.0736634
  -2.27626	0.0805211
  -2.23735	0.0877277
  -2.19844	0.0952778
  -2.15953	0.103148
  -2.12062	0.111328
  -2.08171	0.119792
   -2.0428	0.128519
  -2.00389	0.13748
  -1.96498	0.14664
  -1.92607	0.155969
  -1.88716	0.165427
  -1.84825	0.174987
  -1.80934	0.184617
  -1.77043	0.194275
  -1.73152	0.203928
  -1.69261	0.213519
   -1.6537	0.22302
  -1.61479	0.232396
  -1.57588	0.241602
  -1.53696	0.250602
  -1.49805	0.259337
  -1.45914	0.267769
  -1.42023	0.275877
  -1.38132	0.283594
  -1.34241	0.29086
   -1.3035	0.297653
  -1.26459	0.303923
  -1.22568	0.30959
  -1.18677	0.314608
  -1.14786	0.318944
  -1.10895	0.322508
  -1.07004	0.325227
  -1.03113	0.327061
 -0.992218	0.32793
 -0.953307	0.327743
 -0.914397	0.326442
 -0.875486	0.323926
 -0.836576	0.320141
 -0.797665	0.315012
 -0.758755	0.308445
 -0.719844	0.300396
 -0.680934	0.290798
 -0.642023	0.279627
 -0.603113	0.266882
 -0.564202	0.252563
 -0.525292	0.236743
 -0.486381	0.219488
 -0.447471	0.200968
  -0.40856	0.181359
  -0.36965	0.160939
 -0.330739	0.140012
 -0.291829	0.118966
 -0.252918	0.0982218
 -0.214008	0.0782565
 -0.175097	0.0595646
 -0.136187	0.0426539
-0.0972763	0.0280141
-0.0583658	0.0160946
-0.0194553	0.0072774
 0.0194553	0.0018534
 0.0583658	3.86684e-006
 0.0972763	0.00178782
  0.136187	0.00713853
  0.175097	0.0158682
  0.214008	0.0276814
  0.252918	0.0421923
  0.291829	0.0589527
  0.330739	0.077468
   0.36965	0.0972375
   0.40856	0.117753
  0.447471	0.138556
  0.486381	0.159203
  0.525292	0.17934
  0.564202	0.198638
  0.603113	0.216862
  0.642023	0.233804
  0.680934	0.249321
  0.719844	0.263317
  0.758755	0.27574
  0.797665	0.286583
  0.836576	0.295868
  0.875486	0.303608
  0.914397	0.309867
  0.953307	0.314695
  0.992218	0.318182
   1.03113	0.32041
   1.07004	0.321433
   1.10895	0.32133
   1.14786	0.320211
   1.18677	0.318132
   1.22568	0.315148
   1.26459	0.311351
    1.3035	0.306818
   1.34241	0.30158
   1.38132	0.295706
   1.42023	0.289278
   1.45914	0.282328
   1.49805	0.2749
   1.53696	0.267065
   1.57588	0.258856
   1.61479	0.250332
    1.6537	0.241538
   1.69261	0.232493
   1.73152	0.223269
   1.77043	0.213893
   1.80934	0.204419
   1.84825	0.194885
   1.88716	0.185317
   1.92607	0.175768
   1.96498	0.166263
   2.00389	0.156853
    2.0428	0.147567
   2.08171	0.138444
   2.12062	0.129515
   2.15953	0.120807
   2.19844	0.112352
   2.23735	0.104168
   2.27626	0.0962865
   2.31518	0.0887181
   2.35409	0.0814892
     2.393	0.0746054
   2.43191	0.0680842
   2.47082	0.0619266
   2.50973	0.0561408
   2.54864	0.0507242
   2.58755	0.0456764
   2.62646	0.0409919
   2.66537	0.036663
   2.70428	0.0326809
   2.74319	0.0290322
    2.7821	0.0257047
   2.82101	0.0226806
   2.85992	0.0199449
   2.89883	0.0174787
   2.93774	0.0152654
   2.97665	0.0132878
   3.01556	0.0115283
   3.05447	0.00997057
   3.09339	0.00859569
    3.1323	0.0073866
   3.17121	0.00632699
   3.21012	0.00540059
   3.24903	0.00459685
   3.28794	0.00390008
   3.32685	0.00330001
   3.36576	0.00278303
   3.40467	0.00233903
   3.44358	0.00196052
   3.48249	0.00163912
    3.5214	0.00136579
   3.56031	0.0011349
   3.59922	0.000940185
   3.63813	0.000777013
   3.67704	0.000640525
   3.71595	0.00052639
   3.75486	0.000431457
   3.79377	0.000352981
   3.83268	0.000287978
    3.8716	0.000234379
   3.91051	0.000190388
   3.94942	0.000154059
   3.98833	0.000124631
   4.02724	0.000100646
   4.06615	8.0841e-005
   4.10506	6.48332e-005
   4.14397	5.19514e-005
   4.18288	4.14475e-005
   4.22179	3.31292e-005
    4.2607	2.62124e-005
   4.29961	2.07389e-005
   4.33852	1.631e-005
   4.37743	1.28029e-005
   4.41634	1.00562e-005
   4.45525	7.83201e-006
   4.49416	6.10479e-006
   4.53307	4.68483e-006
   4.57198	3.5932e-006
   4.61089	2.70854e-006
   4.64981	2.03925e-006
   4.68872	1.50873e-006
   4.72763	1.1086e-006
   4.76654	7.94201e-007
   4.80545	5.54208e-007
   4.84436	3.66925e-007
   4.88327	2.25157e-007
   4.92218	1.20638e-007
