        -5	1.63566e-008
  -4.96109	1.49039e-008
  -4.92218	4.59599e-008
  -4.88327	1.06555e-007
  -4.84436	2.02196e-007
  -4.80545	3.34657e-007
  -4.76654	5.08244e-007
  -4.72763	7.37556e-007
  -4.68872	1.02292e-006
  -4.64981	1.40374e-006
  -4.61089	1.86725e-006
  -4.57198	2.4988e-006
  -4.53307	3.32967e-006
  -4.49416	4.31572e-006
  -4.45525	5.60395e-006
  -4.41634	7.20544e-006
  -4.37743	9.24549e-006
  -4.33852	1.18063e-005
  -4.29961	1.50536e-005
   -4.2607	1.91279e-005
  -4.22179	2.42764e-005
  -4.18288	3.06905e-005
  -4.14397	3.87976e-005
  -4.10506	4.84838e-005
  -4.06615	6.06203e-005
  -4.02724	7.58084e-005
  -3.98833	9.44496e-005
  -3.94942	0.000117377
  -3.91051	0.000145497
   -3.8716	0.000179837
  -3.83268	0.000221776
  -3.79377	0.000272776
  -3.75486	0.000334708
  -3.71595	0.000409779
  -3.67704	0.00050023
  -3.63813	0.000607881
  -3.59922	0.000738006
  -3.56031	0.000893826
   -3.5214	0.0010793
  -3.48249	0.00129996
  -3.44358	0.0015609
  -3.40467	0.00186908
  -3.36576	0.00223115
  -3.32685	0.00265562
  -3.28794	0.00315126
  -3.24903	0.00372768
  -3.21012	0.00439796
  -3.17121	0.00517459
   -3.1323	0.00606484
  -3.09339	0.00708821
  -3.05447	0.00825586
  -3.01556	0.00958629
  -2.97665	0.0110935
  -2.93774	0.0127968
  -2.89883	0.0147119
  -2.85992	0.0168583
  -2.82101	0.0192538
   -2.7821	0.021915
  -2.74319	0.0248632
  -2.70428	0.0281099
  -2.66537	0.0316725
  -2.62646	0.0355668
  -2.58755	0.0398015
  -2.54864	0.0443912
  -2.50973	0.04934
  -2.47082	0.0546579
  -2.43191	0.060343
    -2.393	0.0664007
  -2.35409	0.0728201
  -2.31518	0.079607
  -2.27626	0.0867545
  -2.23735	0.0942329
  -2.19844	0.102031
  -2.15953	0.110136
  -2.12062	0.11852
  -2.08171	0.127164
   -2.0428	0.136035
  -2.00389	0.145112
  -1.96498	0.154355
  -1.92607	0.163741
  -1.88716	0.173228
  -1.84825	0.182779
  -1.80934	0.192357
  -1.77043	0.201928
  -1.73152	0.211455
  -1.69261	0.220888
   -1.6537	0.230196
  -1.61479	0.239329
  -1.57588	0.248256
  -1.53696	0.256926
  -1.49805	0.265304
  -1.45914	0.273344
  -1.42023	0.280998
  -1.38132	0.28823
  -1.34241	0.294971
   -1.3035	0.301188
  -1.26459	0.306816
  -1.22568	0.311803
  -1.18677	0.316087
  -1.14786	0.319607
  -1.10895	0.322294
  -1.07004	0.324084
  -1.03113	0.324895
 -0.992218	0.32466
 -0.953307	0.323299
 -0.914397	0.320734
 -0.875486	0.316895
 -0.836576	0.311692
 -0.797665	0.305071
 -0.758755	0.296961
 -0.719844	0.287317
 -0.680934	0.276106
 -0.642023	0.263314
 -0.603113	0.248967
 -0.564202	0.233111
 -0.525292	0.215855
 -0.486381	0.197352
 -0.447471	0.177805
  -0.40856	0.157457
  -0.36965	0.13665
 -0.330739	0.115759
 -0.291829	0.0952199
 -0.252918	0.0755046
 -0.214008	0.0571119
 -0.175097	0.0405459
 -0.136187	0.0262904
-0.0972763	0.0147874
-0.0583658	0.0064077
-0.0194553	0.00142917
 0.0194553	2.6728e-005
 0.0583658	0.00224445
 0.0972763	0.0080053
  0.136187	0.0171115
  0.175097	0.0292605
  0.214008	0.0440607
  0.252918	0.0610597
  0.291829	0.0797648
  0.330739	0.0996731
   0.36965	0.120292
   0.40856	0.141145
  0.447471	0.161816
  0.486381	0.181946
  0.525292	0.201226
  0.564202	0.219394
  0.603113	0.236274
  0.642023	0.251716
  0.680934	0.265644
  0.719844	0.278003
  0.758755	0.288786
  0.797665	0.29801
  0.836576	0.305705
  0.875486	0.311932
  0.914397	0.316744
  0.953307	0.320222
  0.992218	0.32244
   1.03113	0.323469
   1.07004	0.323395
   1.10895	0.322288
   1.14786	0.320229
   1.18677	0.317284
   1.22568	0.313525
   1.26459	0.309013
    1.3035	0.303818
   1.34241	0.297985
   1.38132	0.291595
   1.42023	0.284678
   1.45914	0.277302
   1.49805	0.269507
   1.53696	0.261344
   1.57588	0.252857
   1.61479	0.244087
    1.6537	0.235083
   1.69261	0.225876
   1.73152	0.21652
   1.77043	0.207051
   1.80934	0.197515
   1.84825	0.187941
   1.88716	0.178373
   1.92607	0.168853
   1.96498	0.159414
   2.00389	0.150095
    2.0428	0.140926
   2.08171	0.131943
   2.12062	0.123173
   2.15953	0.114649
   2.19844	0.106392
   2.23735	0.0984155
   2.27626	0.0907567
   2.31518	0.0834378
   2.35409	0.0764582
     2.393	0.0698388
   2.43191	0.0635808
   2.47082	0.0576948
   2.50973	0.0521771
   2.54864	0.0470313
   2.58755	0.0422474
   2.62646	0.0378236
   2.66537	0.0337467
   2.70428	0.0300051
   2.74319	0.0265915
    2.7821	0.0234849
   2.82101	0.020672
   2.85992	0.0181355
   2.89883	0.0158566
   2.93774	0.0138189
   2.97665	0.0120024
   3.01556	0.0103918
   3.05447	0.00896662
   3.09339	0.0077141
    3.1323	0.00661109
   3.17121	0.00564868
   3.21012	0.00481291
   3.24903	0.00408797
   3.28794	0.00346148
   3.32685	0.00292255
   3.36576	0.00245967
   3.40467	0.00206439
   3.44358	0.00172703
   3.48249	0.00144095
    3.5214	0.00119832
   3.56031	0.000994018
   3.59922	0.000823328
   3.63813	0.000679619
   3.67704	0.000559048
   3.71595	0.000458931
   3.75486	0.000375651
   3.79377	0.000306756
   3.83268	0.000249845
    3.8716	0.000202934
   3.91051	0.000164397
   3.94942	0.000132778
   3.98833	0.000106876
   4.02724	8.59101e-005
   4.06615	6.91546e-005
   4.10506	5.51469e-005
   4.14397	4.39215e-005
   4.18288	3.48232e-005
   4.22179	2.75535e-005
    4.2607	2.17107e-005
   4.29961	1.70783e-005
   4.33852	1.33742e-005
   4.37743	1.04614e-005
   4.41634	8.12292e-006
   4.45525	6.32069e-006
   4.49416	4.79977e-006
   4.53307	3.63166e-006
   4.57198	2.76222e-006
   4.61089	2.05848e-006
   4.64981	1.5297e-006
   4.68872	1.10844e-006
   4.72763	7.91352e-007
   4.76654	5.41088e-007
   4.80545	3.55018e-007
   4.84436	2.12821e-007
   4.88327	1.12546e-007
   4.92218	4.98792e-008
