        -5	2.11694e-008
  -4.96109	3.2258e-009
  -4.92218	1.28288e-008
  -4.88327	4.84309e-008
  -4.84436	1.25908e-007
  -4.80545	2.42891e-007
  -4.76654	4.11236e-007
  -4.72763	6.03727e-007
  -4.68872	8.79393e-007
  -4.64981	1.22962e-006
  -4.61089	1.68461e-006
  -4.57198	2.26752e-006
  -4.53307	3.00921e-006
  -4.49416	3.95681e-006
  -4.45525	5.13571e-006
  -4.41634	6.58199e-006
  -4.37743	8.49831e-006
  -4.33852	1.08908e-005
  -4.29961	1.39347e-005
   -4.2607	1.76008e-005
  -4.22179	2.22724e-005
  -4.18288	2.81072e-005
  -4.14397	3.53172e-005
  -4.10506	4.43757e-005
  -4.06615	5.54172e-005
  -4.02724	6.9166e-005
  -3.98833	8.60763e-005
  -3.94942	0.000106763
  -3.91051	0.000132314
   -3.8716	0.000163758
  -3.83268	0.000201983
  -3.79377	0.000248725
  -3.75486	0.000305516
  -3.71595	0.00037403
  -3.67704	0.000457184
  -3.63813	0.000556832
  -3.59922	0.000677287
  -3.56031	0.000821303
   -3.5214	0.000992786
  -3.48249	0.00119689
  -3.44358	0.00143899
  -3.40467	0.00172622
  -3.36576	0.00206395
  -3.32685	0.00246042
  -3.28794	0.00292431
  -3.24903	0.00346539
  -3.21012	0.00409397
  -3.17121	0.00482145
   -3.1323	0.00566223
  -3.09339	0.00662856
  -3.05447	0.0077327
  -3.01556	0.00899134
  -2.97665	0.0104213
  -2.93774	0.0120421
  -2.89883	0.0138658
  -2.85992	0.0159141
  -2.82101	0.0182039
   -2.7821	0.020751
  -2.74319	0.0235782
  -2.70428	0.0266973
  -2.66537	0.0301232
  -2.62646	0.0338736
  -2.58755	0.0379633
  -2.54864	0.0424055
  -2.50973	0.0472031
  -2.47082	0.0523645
  -2.43191	0.0578969
    -2.393	0.0638
  -2.35409	0.0700703
  -2.31518	0.0767081
  -2.27626	0.0837054
  -2.23735	0.0910463
  -2.19844	0.0987233
  -2.15953	0.106715
  -2.12062	0.114999
  -2.08171	0.123558
   -2.0428	0.132357
  -2.00389	0.141371
  -1.96498	0.15057
  -1.92607	0.159922
  -1.88716	0.169392
  -1.84825	0.178944
  -1.80934	0.188555
  -1.77043	0.19817
  -1.73152	0.207746
  -1.69261	0.217247
   -1.6537	0.226651
  -1.61479	0.235904
  -1.57588	0.244964
  -1.53696	0.253796
  -1.49805	0.262356
  -1.45914	0.27059
  -1.42023	0.278467
  -1.38132	0.285932
  -1.34241	0.292925
   -1.3035	0.299416
  -1.26459	0.305357
  -1.22568	0.310687
  -1.18677	0.315339
  -1.14786	0.319274
  -1.10895	0.322399
  -1.07004	0.324673
  -1.03113	0.326012
 -0.992218	0.326339
 -0.953307	0.325592
 -0.914397	0.323675
 -0.875486	0.320506
 -0.836576	0.316018
 -0.797665	0.310149
 -0.758755	0.302814
 -0.719844	0.293971
 -0.680934	0.283571
 -0.642023	0.271594
 -0.603113	0.258036
 -0.564202	0.242945
 -0.525292	0.226383
 -0.486381	0.20847
 -0.447471	0.189393
  -0.40856	0.169389
  -0.36965	0.148734
 -0.330739	0.127773
 -0.291829	0.106924
 -0.252918	0.0866286
 -0.214008	0.0673838
 -0.175097	0.0496866
 -0.136187	0.0340438
-0.0972763	0.020921
-0.0583658	0.0107283
-0.0194553	0.00380231
 0.0194553	0.000374545
 0.0583658	0.000560207
 0.0972763	0.00434927
  0.136187	0.0116109
  0.175097	0.0220953
  0.214008	0.03546
  0.252918	0.051276
  0.291829	0.0690751
  0.330739	0.0883484
   0.36965	0.108592
   0.40856	0.129335
  0.447471	0.150131
  0.486381	0.170571
  0.525292	0.190312
  0.564202	0.209082
  0.603113	0.22665
  0.642023	0.242858
  0.680934	0.257587
  0.719844	0.270779
  0.758755	0.282387
  0.797665	0.29243
  0.836576	0.300926
  0.875486	0.307908
  0.914397	0.313433
  0.953307	0.317585
  0.992218	0.320426
   1.03113	0.322035
   1.07004	0.322506
   1.10895	0.321889
   1.14786	0.320293
   1.18677	0.317766
   1.22568	0.314391
   1.26459	0.310243
    1.3035	0.305387
   1.34241	0.299861
   1.38132	0.293736
   1.42023	0.287067
   1.45914	0.279902
   1.49805	0.272294
   1.53696	0.264296
   1.57588	0.255949
   1.61479	0.247298
    1.6537	0.238402
   1.69261	0.229291
   1.73152	0.219997
   1.77043	0.210564
   1.80934	0.201052
   1.84825	0.191491
   1.88716	0.18192
   1.92607	0.172378
   1.96498	0.162904
   2.00389	0.153533
    2.0428	0.144293
   2.08171	0.135231
   2.12062	0.126369
   2.15953	0.11774
   2.19844	0.109375
   2.23735	0.101291
   2.27626	0.0935183
   2.31518	0.0860734
   2.35409	0.078969
     2.393	0.0722166
   2.43191	0.0658292
   2.47082	0.0598081
   2.50973	0.0541533
   2.54864	0.0488712
   2.58755	0.0439593
   2.62646	0.0394088
   2.66537	0.0352075
   2.70428	0.0313444
   2.74319	0.0278137
    2.7821	0.0245947
   2.82101	0.0216745
   2.85992	0.0190378
   2.89883	0.0166625
   2.93774	0.0145366
   2.97665	0.0126411
   3.01556	0.0109562
   3.05447	0.0094624
   3.09339	0.0081446
    3.1323	0.00698924
   3.17121	0.00597792
   3.21012	0.00509703
   3.24903	0.00433209
   3.28794	0.00367071
   3.32685	0.00310065
   3.36576	0.00261012
   3.40467	0.00219152
   3.44358	0.00183492
   3.48249	0.00153213
    3.5214	0.00127518
   3.56031	0.00105801
   3.59922	0.000876139
   3.63813	0.000723116
   3.67704	0.000595628
   3.71595	0.000489146
   3.75486	0.000400514
   3.79377	0.000327394
   3.83268	0.000266705
    3.8716	0.00021686
   3.91051	0.000176042
   3.94942	0.000142566
   3.98833	0.000115152
   4.02724	9.2972e-005
   4.06615	7.46856e-005
   4.10506	5.99897e-005
   4.14397	4.8001e-005
   4.18288	3.83171e-005
   4.22179	3.06272e-005
    4.2607	2.42737e-005
   4.29961	1.91702e-005
   4.33852	1.5055e-005
   4.37743	1.18785e-005
   4.41634	9.31329e-006
   4.45525	7.24439e-006
   4.49416	5.61474e-006
   4.53307	4.31079e-006
   4.57198	3.2914e-006
   4.61089	2.49058e-006
   4.64981	1.85394e-006
   4.68872	1.39464e-006
   4.72763	9.95893e-007
   4.76654	6.84965e-007
   4.80545	4.40636e-007
   4.84436	2.80315e-007
   4.88327	1.51566e-007
   4.92218	7.15072e-008
