        -5	3.42152e-008
  -4.96109	2.47029e-008
  -4.92218	4.38136e-008
  -4.88327	8.92057e-008
  -4.84436	1.66718e-007
  -4.80545	2.68731e-007
  -4.76654	4.15226e-007
  -4.72763	6.17407e-007
  -4.68872	8.8064e-007
  -4.64981	1.2309e-006
  -4.61089	1.66538e-006
  -4.57198	2.23462e-006
  -4.53307	2.98361e-006
  -4.49416	3.92165e-006
  -4.45525	5.16045e-006
  -4.41634	6.63433e-006
  -4.37743	8.53101e-006
  -4.33852	1.09779e-005
  -4.29961	1.40483e-005
   -4.2607	1.78927e-005
  -4.22179	2.28213e-005
  -4.18288	2.90424e-005
  -4.14397	3.6629e-005
  -4.10506	4.61434e-005
  -4.06615	5.78427e-005
  -4.02724	7.24984e-005
  -3.98833	9.0646e-005
  -3.94942	0.000112861
  -3.91051	0.000140128
   -3.8716	0.000173627
  -3.83268	0.000214372
  -3.79377	0.000263869
  -3.75486	0.00032418
  -3.71595	0.000397294
  -3.67704	0.000485559
  -3.63813	0.000591688
  -3.59922	0.000718447
  -3.56031	0.000870428
   -3.5214	0.00105154
  -3.48249	0.00126649
  -3.44358	0.00152105
  -3.40467	0.00182255
  -3.36576	0.00217624
  -3.32685	0.0025904
  -3.28794	0.00307433
  -3.24903	0.00363709
  -3.21012	0.00429266
  -3.17121	0.00504852
   -3.1323	0.00591875
  -3.09339	0.00691684
  -3.05447	0.00805826
  -3.01556	0.00935483
  -2.97665	0.0108265
  -2.93774	0.0124899
  -2.89883	0.0143607
  -2.85992	0.016458
  -2.82101	0.0188
   -2.7821	0.0214042
  -2.74319	0.0242869
  -2.70428	0.0274651
  -2.66537	0.0309569
  -2.62646	0.0347695
  -2.58755	0.0389195
  -2.54864	0.0434246
  -2.50973	0.0482859
  -2.47082	0.0535143
  -2.43191	0.0591114
    -2.393	0.0650791
  -2.35409	0.0714157
  -2.31518	0.078113
  -2.27626	0.0851681
  -2.23735	0.0925599
  -2.19844	0.100272
  -2.15953	0.108303
  -2.12062	0.116618
  -2.08171	0.125197
   -2.0428	0.134016
  -2.00389	0.143051
  -1.96498	0.152256
  -1.92607	0.161605
  -1.88716	0.171063
  -1.84825	0.180595
  -1.80934	0.190163
  -1.77043	0.199732
  -1.73152	0.209258
  -1.69261	0.218707
   -1.6537	0.228034
  -1.61479	0.237213
  -1.57588	0.246183
  -1.53696	0.254908
  -1.49805	0.263351
  -1.45914	0.271457
  -1.42023	0.279207
  -1.38132	0.286523
  -1.34241	0.293369
   -1.3035	0.29969
  -1.26459	0.305442
  -1.22568	0.310545
  -1.18677	0.314964
  -1.14786	0.31864
  -1.10895	0.321492
  -1.07004	0.323468
  -1.03113	0.324472
 -0.992218	0.324447
 -0.953307	0.323324
 -0.914397	0.321011
 -0.875486	0.317439
 -0.836576	0.312528
 -0.797665	0.306214
 -0.758755	0.298416
 -0.719844	0.289101
 -0.680934	0.278219
 -0.642023	0.265762
 -0.603113	0.251735
 -0.564202	0.236203
 -0.525292	0.219244
 -0.486381	0.201002
 -0.447471	0.181667
  -0.40856	0.161505
  -0.36965	0.140791
 -0.330739	0.119919
 -0.291829	0.0992989
 -0.252918	0.0794051
 -0.214008	0.06073
 -0.175097	0.0437707
 -0.136187	0.0290205
-0.0972763	0.0169322
-0.0583658	0.00789216
-0.0194553	0.00220233
 0.0194553	5.14195e-005
 0.0583658	0.00151482
 0.0972763	0.00654134
  0.136187	0.0149584
  0.175097	0.0264818
  0.214008	0.0407406
  0.252918	0.0572951
  0.291829	0.0756546
  0.330739	0.095325
   0.36965	0.115788
   0.40856	0.136596
  0.447471	0.157312
  0.486381	0.177557
  0.525292	0.197007
  0.564202	0.215413
  0.603113	0.23256
  0.642023	0.248305
  0.680934	0.262544
  0.719844	0.275235
  0.758755	0.28634
  0.797665	0.295886
  0.836576	0.303896
  0.875486	0.310427
  0.914397	0.31553
  0.953307	0.319293
  0.992218	0.321784
   1.03113	0.323065
   1.07004	0.323233
   1.10895	0.322353
   1.14786	0.320514
   1.18677	0.317787
   1.22568	0.314219
   1.26459	0.309896
    1.3035	0.304871
   1.34241	0.299208
   1.38132	0.292948
   1.42023	0.286177
   1.45914	0.278922
   1.49805	0.271243
   1.53696	0.263183
   1.57588	0.254782
   1.61479	0.2461
    1.6537	0.23717
   1.69261	0.22804
   1.73152	0.218746
   1.77043	0.209333
   1.80934	0.199837
   1.84825	0.190303
   1.88716	0.180765
   1.92607	0.171264
   1.96498	0.161822
   2.00389	0.152496
    2.0428	0.143314
   2.08171	0.134307
   2.12062	0.125504
   2.15953	0.116946
   2.19844	0.108646
   2.23735	0.100624
   2.27626	0.0929123
   2.31518	0.085523
   2.35409	0.0784724
     2.393	0.071773
   2.43191	0.0654341
   2.47082	0.0594627
   2.50973	0.0538559
   2.54864	0.0486229
   2.58755	0.0437539
   2.62646	0.0392366
   2.66537	0.0350696
   2.70428	0.0312403
   2.74319	0.0277348
    2.7821	0.0245396
   2.82101	0.0216414
   2.85992	0.0190228
   2.89883	0.0166651
   2.93774	0.0145526
   2.97665	0.012668
   3.01556	0.0109896
   3.05447	0.00950349
   3.09339	0.00819187
    3.1323	0.00703881
   3.17121	0.00602636
   3.21012	0.00514585
   3.24903	0.00438007
   3.28794	0.00371723
   3.32685	0.00314492
   3.36576	0.00265133
   3.40467	0.00222937
   3.44358	0.00186927
   3.48249	0.00156249
    3.5214	0.0013023
   3.56031	0.00108296
   3.59922	0.000897679
   3.63813	0.000741642
   3.67704	0.000611081
   3.71595	0.000501958
   3.75486	0.000411631
   3.79377	0.000336548
   3.83268	0.000274214
    3.8716	0.000222913
   3.91051	0.00018073
   3.94942	0.000145929
   3.98833	0.000117439
   4.02724	9.45001e-005
   4.06615	7.56987e-005
   4.10506	6.06054e-005
   4.14397	4.81455e-005
   4.18288	3.81175e-005
   4.22179	3.01634e-005
    4.2607	2.3781e-005
   4.29961	1.86497e-005
   4.33852	1.46244e-005
   4.37743	1.14703e-005
   4.41634	8.87672e-006
   4.45525	6.85933e-006
   4.49416	5.25178e-006
   4.53307	3.99337e-006
   4.57198	3.01107e-006
   4.61089	2.23333e-006
   4.64981	1.63948e-006
   4.68872	1.17076e-006
   4.72763	8.22936e-007
   4.76654	5.78384e-007
   4.80545	3.79015e-007
   4.84436	2.33009e-007
   4.88327	1.33925e-007
   4.92218	6.82372e-008
