        -5	6.50433e-009
  -4.96109	2.26074e-009
  -4.92218	2.28889e-008
  -4.88327	7.77534e-008
  -4.84436	1.63251e-007
  -4.80545	2.85142e-007
  -4.76654	4.61519e-007
  -4.72763	6.93513e-007
  -4.68872	1.00723e-006
  -4.64981	1.40439e-006
  -4.61089	1.93723e-006
  -4.57198	2.61882e-006
  -4.53307	3.50431e-006
  -4.49416	4.59547e-006
  -4.45525	6.02864e-006
  -4.41634	7.84643e-006
  -4.37743	1.00876e-005
  -4.33852	1.29032e-005
  -4.29961	1.64113e-005
   -4.2607	2.08037e-005
  -4.22179	2.62632e-005
  -4.18288	3.3139e-005
  -4.14397	4.16092e-005
  -4.10506	5.2184e-005
  -4.06615	6.54436e-005
  -4.02724	8.16155e-005
  -3.98833	0.00010152
  -3.94942	0.000125867
  -3.91051	0.000155878
   -3.8716	0.000192905
  -3.83268	0.00023799
  -3.79377	0.000292896
  -3.75486	0.000359065
  -3.71595	0.000439408
  -3.67704	0.000536499
  -3.63813	0.000652628
  -3.59922	0.000791955
  -3.56031	0.000959031
   -3.5214	0.00115705
  -3.48249	0.00139216
  -3.44358	0.00167119
  -3.40467	0.00199919
  -3.36576	0.00238495
  -3.32685	0.00283695
  -3.28794	0.00336499
  -3.24903	0.00397926
  -3.21012	0.00468939
  -3.17121	0.00550822
   -3.1323	0.0064499
  -3.09339	0.00752898
  -3.05447	0.00876154
  -3.01556	0.0101603
  -2.97665	0.0117447
  -2.93774	0.0135334
  -2.89883	0.0155401
  -2.85992	0.0177842
  -2.82101	0.0202875
   -2.7821	0.0230622
  -2.74319	0.0261269
  -2.70428	0.0295035
  -2.66537	0.033199
  -2.62646	0.0372292
  -2.58755	0.0416049
  -2.54864	0.0463375
  -2.50973	0.0514396
  -2.47082	0.0569096
  -2.43191	0.0627537
    -2.393	0.0689596
  -2.35409	0.0755316
  -2.31518	0.0824631
  -2.27626	0.0897431
  -2.23735	0.0973586
  -2.19844	0.105286
  -2.15953	0.113517
  -2.12062	0.122022
  -2.08171	0.130771
   -2.0428	0.139739
  -2.00389	0.148897
  -1.96498	0.158208
  -1.92607	0.167642
  -1.88716	0.177151
  -1.84825	0.186723
  -1.80934	0.196304
  -1.77043	0.205865
  -1.73152	0.21535
  -1.69261	0.224722
   -1.6537	0.233946
  -1.61479	0.242985
  -1.57588	0.251786
  -1.53696	0.260312
  -1.49805	0.268517
  -1.45914	0.276363
  -1.42023	0.283793
  -1.38132	0.290755
  -1.34241	0.297209
   -1.3035	0.303086
  -1.26459	0.308346
  -1.22568	0.312908
  -1.18677	0.316727
  -1.14786	0.319745
  -1.10895	0.321887
  -1.07004	0.323082
  -1.03113	0.323239
 -0.992218	0.322287
 -0.953307	0.32016
 -0.914397	0.316773
 -0.875486	0.312062
 -0.836576	0.305925
 -0.797665	0.298327
 -0.758755	0.289207
 -0.719844	0.278515
 -0.680934	0.266236
 -0.642023	0.252407
 -0.603113	0.237031
 -0.564202	0.220224
 -0.525292	0.202104
 -0.486381	0.182872
 -0.447471	0.162764
  -0.40856	0.142093
  -0.36965	0.121222
 -0.330739	0.100575
 -0.291829	0.0806118
 -0.252918	0.0618274
 -0.214008	0.044731
 -0.175097	0.0298158
 -0.136187	0.0175385
-0.0972763	0.00829449
-0.0583658	0.00239423
-0.0194553	4.21577e-005
 0.0194553	0.00131986
 0.0583658	0.00618585
 0.0972763	0.0144738
  0.136187	0.0259072
  0.175097	0.0401146
  0.214008	0.0566589
  0.252918	0.0750511
  0.291829	0.0947853
  0.330739	0.115366
   0.36965	0.136314
   0.40856	0.157196
  0.447471	0.17762
  0.486381	0.197274
  0.525292	0.215879
  0.564202	0.233242
  0.603113	0.249183
  0.642023	0.263638
  0.680934	0.276528
  0.719844	0.287827
  0.758755	0.297553
  0.797665	0.305749
  0.836576	0.312431
  0.875486	0.317695
  0.914397	0.321591
  0.953307	0.324213
  0.992218	0.32562
   1.03113	0.325885
   1.07004	0.325096
   1.10895	0.323328
   1.14786	0.320667
   1.18677	0.317176
   1.22568	0.312904
   1.26459	0.307928
    1.3035	0.302302
   1.34241	0.296088
   1.38132	0.289331
   1.42023	0.282086
   1.45914	0.27441
   1.49805	0.266345
   1.53696	0.25794
   1.57588	0.249236
   1.61479	0.240276
    1.6537	0.231113
   1.69261	0.221769
   1.73152	0.21229
   1.77043	0.20272
   1.80934	0.193103
   1.84825	0.183486
   1.88716	0.173891
   1.92607	0.16436
   1.96498	0.154929
   2.00389	0.145638
    2.0428	0.136514
   2.08171	0.12759
   2.12062	0.118896
   2.15953	0.11047
   2.19844	0.102321
   2.23735	0.0944853
   2.27626	0.0869737
   2.31518	0.0798082
   2.35409	0.0729987
     2.393	0.0665454
   2.43191	0.0604629
   2.47082	0.0547506
   2.50973	0.0494155
   2.54864	0.0444513
   2.58755	0.0398496
   2.62646	0.0356016
   2.66537	0.0316937
   2.70428	0.0281224
   2.74319	0.0248682
    2.7821	0.0219131
   2.82101	0.0192458
   2.85992	0.016847
   2.89883	0.0146949
   2.93774	0.0127763
   2.97665	0.0110728
   3.01556	0.00956268
   3.05447	0.00823315
   3.09339	0.00706574
    3.1323	0.00604564
   3.17121	0.00515602
   3.21012	0.00438238
   3.24903	0.00371301
   3.28794	0.00313662
   3.32685	0.00264202
   3.36576	0.0022191
   3.40467	0.00185749
   3.44358	0.00155104
   3.48249	0.00129174
    3.5214	0.00107203
   3.56031	0.000887513
   3.59922	0.000733208
   3.63813	0.000603497
   3.67704	0.000495598
   3.71595	0.000406203
   3.75486	0.000331711
   3.79377	0.000270197
   3.83268	0.000219275
    3.8716	0.000177736
   3.91051	0.000143855
   3.94942	0.000116165
   3.98833	9.35584e-005
   4.02724	7.49685e-005
   4.06615	6.00028e-005
   4.10506	4.79741e-005
   4.14397	3.82105e-005
   4.18288	3.03901e-005
   4.22179	2.4127e-005
    4.2607	1.91296e-005
   4.29961	1.51074e-005
   4.33852	1.19145e-005
   4.37743	9.32274e-006
   4.41634	7.24287e-006
   4.45525	5.64297e-006
   4.49416	4.33942e-006
   4.53307	3.32192e-006
   4.57198	2.51636e-006
   4.61089	1.8942e-006
   4.64981	1.39882e-006
   4.68872	1.01212e-006
   4.72763	7.13968e-007
   4.76654	4.90421e-007
   4.80545	3.20288e-007
   4.84436	1.82221e-007
   4.88327	9.6059e-008
   4.92218	3.84695e-008
