        -5	6.49229e-009
  -4.96109	4.26595e-009
  -4.92218	2.72283e-008
  -4.88327	7.69905e-008
  -4.84436	1.55059e-007
  -4.80545	2.63659e-007
  -4.76654	4.14262e-007
  -4.72763	6.17112e-007
  -4.68872	8.78926e-007
  -4.64981	1.2338e-006
  -4.61089	1.68916e-006
  -4.57198	2.28196e-006
  -4.53307	3.02121e-006
  -4.49416	3.98186e-006
  -4.45525	5.20487e-006
  -4.41634	6.78907e-006
  -4.37743	8.79263e-006
  -4.33852	1.13675e-005
  -4.29961	1.46272e-005
   -4.2607	1.86886e-005
  -4.22179	2.38616e-005
  -4.18288	3.03152e-005
  -4.14397	3.83704e-005
  -4.10506	4.84403e-005
  -4.06615	6.0917e-005
  -4.02724	7.60568e-005
  -3.98833	9.50303e-005
  -3.94942	0.000118478
  -3.91051	0.000147305
   -3.8716	0.000182724
  -3.83268	0.000226182
  -3.79377	0.000278815
  -3.75486	0.000342833
  -3.71595	0.000420799
  -3.67704	0.000514417
  -3.63813	0.000627463
  -3.59922	0.000762173
  -3.56031	0.000924017
   -3.5214	0.00111648
  -3.48249	0.0013446
  -3.44358	0.00161431
  -3.40467	0.00193263
  -3.36576	0.0023058
  -3.32685	0.00274398
  -3.28794	0.00325647
  -3.24903	0.00385075
  -3.21012	0.00453951
  -3.17121	0.0053347
   -3.1323	0.00624899
  -3.09339	0.00729587
  -3.05447	0.00849027
  -3.01556	0.00984826
  -2.97665	0.0113859
  -2.93774	0.0131207
  -2.89883	0.0150691
  -2.85992	0.0172493
  -2.82101	0.0196828
   -2.7821	0.0223817
  -2.74319	0.0253633
  -2.70428	0.0286445
  -2.66537	0.0322417
  -2.62646	0.0361672
  -2.58755	0.0404403
  -2.54864	0.0450655
  -2.50973	0.0500506
  -2.47082	0.055401
  -2.43191	0.0611225
    -2.393	0.0672102
  -2.35409	0.0736656
  -2.31518	0.0804827
  -2.27626	0.0876475
  -2.23735	0.09515
  -2.19844	0.102976
  -2.15953	0.111102
  -2.12062	0.119513
  -2.08171	0.128187
   -2.0428	0.137083
  -2.00389	0.146173
  -1.96498	0.155431
  -1.92607	0.164816
  -1.88716	0.174299
  -1.84825	0.183856
  -1.80934	0.193434
  -1.77043	0.202986
  -1.73152	0.212496
  -1.69261	0.221902
   -1.6537	0.231186
  -1.61479	0.240272
  -1.57588	0.249147
  -1.53696	0.257763
  -1.49805	0.266076
  -1.45914	0.274033
  -1.42023	0.281592
  -1.38132	0.288696
  -1.34241	0.29531
   -1.3035	0.301364
  -1.26459	0.30682
  -1.22568	0.311608
  -1.18677	0.315677
  -1.14786	0.31895
  -1.10895	0.321351
  -1.07004	0.322835
  -1.03113	0.323316
 -0.992218	0.322717
 -0.953307	0.32096
 -0.914397	0.317964
 -0.875486	0.313676
 -0.836576	0.307988
 -0.797665	0.300842
 -0.758755	0.292185
 -0.719844	0.281975
 -0.680934	0.270189
 -0.642023	0.25684
 -0.603113	0.241949
 -0.564202	0.225588
 -0.525292	0.207874
 -0.486381	0.188982
 -0.447471	0.169131
  -0.40856	0.14862
  -0.36965	0.127795
 -0.330739	0.10704
 -0.291829	0.0868236
 -0.252918	0.0676243
 -0.214008	0.0499511
 -0.175097	0.0343016
 -0.136187	0.0211462
-0.0972763	0.0109032
-0.0583658	0.00391028
-0.0194553	0.000405568
 0.0194553	0.000511612
 0.0583658	0.0042258
 0.0972763	0.0114219
  0.136187	0.0218589
  0.175097	0.0351942
  0.214008	0.0510123
  0.252918	0.0688352
  0.291829	0.088171
  0.330739	0.108499
   0.36965	0.129347
   0.40856	0.150269
  0.447471	0.170854
  0.486381	0.190762
  0.525292	0.209707
  0.564202	0.227458
  0.603113	0.243852
  0.642023	0.258782
  0.680934	0.272171
  0.719844	0.283988
  0.758755	0.29423
  0.797665	0.302917
  0.836576	0.310076
  0.875486	0.315804
  0.914397	0.320141
  0.953307	0.323171
  0.992218	0.32496
   1.03113	0.325598
   1.07004	0.325169
   1.10895	0.323727
   1.14786	0.321349
   1.18677	0.318116
   1.22568	0.314088
   1.26459	0.309341
    1.3035	0.303922
   1.34241	0.297895
   1.38132	0.291313
   1.42023	0.284226
   1.45914	0.276683
   1.49805	0.268737
   1.53696	0.260439
   1.57588	0.251839
   1.61479	0.242949
    1.6537	0.233848
   1.69261	0.224552
   1.73152	0.215129
   1.77043	0.205592
   1.80934	0.195992
   1.84825	0.18638
   1.88716	0.17679
   1.92607	0.167251
   1.96498	0.157809
   2.00389	0.148488
    2.0428	0.139319
   2.08171	0.13035
   2.12062	0.121608
   2.15953	0.113116
   2.19844	0.104903
   2.23735	0.0969904
   2.27626	0.089396
   2.31518	0.0821368
   2.35409	0.0752304
     2.393	0.0686804
   2.43191	0.0624987
   2.47082	0.0566867
   2.50973	0.0512419
   2.54864	0.0461656
   2.58755	0.0414576
   2.62646	0.037105
   2.66537	0.0330985
   2.70428	0.0294255
   2.74319	0.02607
    2.7821	0.0230159
   2.82101	0.0202545
   2.85992	0.0177636
   2.89883	0.0155271
   2.93774	0.0135261
   2.97665	0.0117447
   3.01556	0.0101641
   3.05447	0.00876686
   3.09339	0.00753661
    3.1323	0.00645764
   3.17121	0.00551538
   3.21012	0.00469599
   3.24903	0.00398364
   3.28794	0.00336922
   3.32685	0.00284179
   3.36576	0.00238906
   3.40467	0.00200272
   3.44358	0.00167392
   3.48249	0.00139484
    3.5214	0.00115831
   3.56031	0.000959867
   3.59922	0.000792463
   3.63813	0.000652636
   3.67704	0.000535438
   3.71595	0.000438175
   3.75486	0.000357722
   3.79377	0.000290901
   3.83268	0.000235897
    3.8716	0.000190786
   3.91051	0.000153801
   3.94942	0.000123676
   3.98833	9.95272e-005
   4.02724	7.96699e-005
   4.06615	6.35781e-005
   4.10506	5.0609e-005
   4.14397	4.01648e-005
   4.18288	3.17324e-005
   4.22179	2.50141e-005
    4.2607	1.96442e-005
   4.29961	1.53453e-005
   4.33852	1.19625e-005
   4.37743	9.27071e-006
   4.41634	7.16055e-006
   4.45525	5.52362e-006
   4.49416	4.23511e-006
   4.53307	3.20874e-006
   4.57198	2.40535e-006
   4.61089	1.77769e-006
   4.64981	1.29854e-006
   4.68872	9.35318e-007
   4.72763	6.56409e-007
   4.76654	4.44873e-007
   4.80545	2.84869e-007
   4.84436	1.65555e-007
   4.88327	8.29654e-008
   4.92218	2.90321e-008
