        -5	4.87274e-008
  -4.96109	2.83502e-008
  -4.92218	3.37472e-008
  -4.88327	6.54536e-008
  -4.84436	1.30893e-007
  -4.80545	2.22459e-007
  -4.76654	3.65577e-007
  -4.72763	5.57946e-007
  -4.68872	8.04794e-007
  -4.64981	1.11925e-006
  -4.61089	1.56067e-006
  -4.57198	2.12187e-006
  -4.53307	2.81905e-006
  -4.49416	3.72192e-006
  -4.45525	4.85918e-006
  -4.41634	6.33156e-006
  -4.37743	8.25938e-006
  -4.33852	1.06779e-005
  -4.29961	1.37939e-005
   -4.2607	1.76076e-005
  -4.22179	2.24203e-005
  -4.18288	2.83969e-005
  -4.14397	3.58088e-005
  -4.10506	4.52219e-005
  -4.06615	5.68585e-005
  -4.02724	7.11313e-005
  -3.98833	8.8774e-005
  -3.94942	0.000110796
  -3.91051	0.000137691
   -3.8716	0.000170437
  -3.83268	0.000210562
  -3.79377	0.000259502
  -3.75486	0.000319107
  -3.71595	0.000391454
  -3.67704	0.000478967
  -3.63813	0.000584146
  -3.59922	0.000710356
  -3.56031	0.000861208
   -3.5214	0.00104054
  -3.48249	0.00125364
  -3.44358	0.00150707
  -3.40467	0.00180562
  -3.36576	0.00215685
  -3.32685	0.00256879
  -3.28794	0.00305154
  -3.24903	0.00361256
  -3.21012	0.00426384
  -3.17121	0.00501706
   -3.1323	0.0058874
  -3.09339	0.00688421
  -3.05447	0.00802575
  -3.01556	0.0093255
  -2.97665	0.0107996
  -2.93774	0.0124687
  -2.89883	0.0143457
  -2.85992	0.0164498
  -2.82101	0.0187998
   -2.7821	0.0214119
  -2.74319	0.0243055
  -2.70428	0.0274977
  -2.66537	0.0310024
  -2.62646	0.0348325
  -2.58755	0.0390062
  -2.54864	0.0435315
  -2.50973	0.0484184
  -2.47082	0.0536742
  -2.43191	0.0592947
    -2.393	0.0652868
  -2.35409	0.0716464
  -2.31518	0.0783705
  -2.27626	0.0854545
  -2.23735	0.0928793
  -2.19844	0.10064
  -2.15953	0.108703
  -2.12062	0.117051
  -2.08171	0.125667
   -2.0428	0.134523
  -2.00389	0.143579
  -1.96498	0.152811
  -1.92607	0.162191
  -1.88716	0.171682
  -1.84825	0.181237
  -1.80934	0.190825
  -1.77043	0.20042
  -1.73152	0.209967
  -1.69261	0.219443
   -1.6537	0.228794
  -1.61479	0.237975
  -1.57588	0.246967
  -1.53696	0.255703
  -1.49805	0.264165
  -1.45914	0.272292
  -1.42023	0.28004
  -1.38132	0.287357
  -1.34241	0.29422
   -1.3035	0.300557
  -1.26459	0.306309
  -1.22568	0.311431
  -1.18677	0.315869
  -1.14786	0.319558
  -1.10895	0.322431
  -1.07004	0.324425
  -1.03113	0.325452
 -0.992218	0.325454
 -0.953307	0.324349
 -0.914397	0.322047
 -0.875486	0.318487
 -0.836576	0.313588
 -0.797665	0.30728
 -0.758755	0.299502
 -0.719844	0.2902
 -0.680934	0.279327
 -0.642023	0.266879
 -0.603113	0.252876
 -0.564202	0.23735
 -0.525292	0.220401
 -0.486381	0.202151
 -0.447471	0.182798
  -0.40856	0.162589
  -0.36965	0.141841
 -0.330739	0.120913
 -0.291829	0.100231
 -0.252918	0.0802581
 -0.214008	0.0614867
 -0.175097	0.0444166
 -0.136187	0.0295471
-0.0972763	0.0173275
-0.0583658	0.00815259
-0.0194553	0.00232436
 0.0194553	3.93043e-005
 0.0583658	0.00137498
 0.0972763	0.00628309
  0.136187	0.0145957
  0.175097	0.0260282
  0.214008	0.0402113
  0.252918	0.0567015
  0.291829	0.0750201
  0.330739	0.0946547
   0.36965	0.115117
   0.40856	0.135928
  0.447471	0.156655
  0.486381	0.176912
  0.525292	0.196385
  0.564202	0.214803
  0.603113	0.231973
  0.642023	0.247747
  0.680934	0.262015
  0.719844	0.274724
  0.758755	0.285861
  0.797665	0.295432
  0.836576	0.303471
  0.875486	0.310026
  0.914397	0.31515
  0.953307	0.318914
  0.992218	0.321408
   1.03113	0.322687
   1.07004	0.322845
   1.10895	0.321958
   1.14786	0.320096
   1.18677	0.317343
   1.22568	0.313764
   1.26459	0.309414
    1.3035	0.304355
   1.34241	0.298675
   1.38132	0.292405
   1.42023	0.285603
   1.45914	0.278316
   1.49805	0.270616
   1.53696	0.262523
   1.57588	0.254112
   1.61479	0.245404
    1.6537	0.236443
   1.69261	0.227289
   1.73152	0.217966
   1.77043	0.208534
   1.80934	0.199025
   1.84825	0.189468
   1.88716	0.179911
   1.92607	0.170399
   1.96498	0.160961
   2.00389	0.151627
    2.0428	0.14244
   2.08171	0.133436
   2.12062	0.12464
   2.15953	0.11607
   2.19844	0.107772
   2.23735	0.0997584
   2.27626	0.0920612
   2.31518	0.084691
   2.35409	0.0776655
     2.393	0.0709939
   2.43191	0.064679
   2.47082	0.0587326
   2.50973	0.0531556
   2.54864	0.0479465
   2.58755	0.0431062
   2.62646	0.0386231
   2.66537	0.034487
   2.70428	0.030691
   2.74319	0.0272216
    2.7821	0.0240632
   2.82101	0.0211991
   2.85992	0.018614
   2.89883	0.0162862
   2.93774	0.0142054
   2.97665	0.0123489
   3.01556	0.0106992
   3.05447	0.0092413
   3.09339	0.00795347
    3.1323	0.00682501
   3.17121	0.00583846
   3.21012	0.00497914
   3.24903	0.00423194
   3.28794	0.00358708
   3.32685	0.00303117
   3.36576	0.00255405
   3.40467	0.00214477
   3.44358	0.00179703
   3.48249	0.00150136
    3.5214	0.0012507
   3.56031	0.0010385
   3.59922	0.000860014
   3.63813	0.000709894
   3.67704	0.000584258
   3.71595	0.000479676
   3.75486	0.000392685
   3.79377	0.000320723
   3.83268	0.000261465
    3.8716	0.000212464
   3.91051	0.00017194
   3.94942	0.000139054
   3.98833	0.000112219
   4.02724	9.02463e-005
   4.06615	7.22491e-005
   4.10506	5.79118e-005
   4.14397	4.62795e-005
   4.18288	3.68878e-005
   4.22179	2.93155e-005
    4.2607	2.31444e-005
   4.29961	1.82228e-005
   4.33852	1.4246e-005
   4.37743	1.11416e-005
   4.41634	8.68776e-006
   4.45525	6.75113e-006
   4.49416	5.24381e-006
   4.53307	4.02873e-006
   4.57198	3.04455e-006
   4.61089	2.32043e-006
   4.64981	1.74666e-006
   4.68872	1.28872e-006
   4.72763	9.17251e-007
   4.76654	6.6391e-007
   4.80545	4.55486e-007
   4.84436	3.06956e-007
   4.88327	1.87427e-007
   4.92218	1.04429e-007
