        -5	1.06619e-008
  -4.96109	2.28825e-008
  -4.92218	5.96846e-008
  -4.88327	1.33859e-007
  -4.84436	2.40131e-007
  -4.80545	3.91201e-007
  -4.76654	5.99747e-007
  -4.72763	8.56174e-007
  -4.68872	1.19129e-006
  -4.64981	1.61838e-006
  -4.61089	2.19088e-006
  -4.57198	2.90187e-006
  -4.53307	3.80544e-006
  -4.49416	4.97759e-006
  -4.45525	6.43299e-006
  -4.41634	8.28044e-006
  -4.37743	1.0609e-005
  -4.33852	1.35395e-005
  -4.29961	1.71649e-005
   -4.2607	2.16636e-005
  -4.22179	2.72865e-005
  -4.18288	3.42783e-005
  -4.14397	4.31169e-005
  -4.10506	5.39564e-005
  -4.06615	6.73188e-005
  -4.02724	8.40565e-005
  -3.98833	0.000104678
  -3.94942	0.00013021
  -3.91051	0.000161203
   -3.8716	0.000199105
  -3.83268	0.000245651
  -3.79377	0.00030222
  -3.75486	0.000370645
  -3.71595	0.000453619
  -3.67704	0.00055374
  -3.63813	0.000673774
  -3.59922	0.000818036
  -3.56031	0.00099006
   -3.5214	0.00119451
  -3.48249	0.00143788
  -3.44358	0.00172602
  -3.40467	0.00206442
  -3.36576	0.00246232
  -3.32685	0.00292657
  -3.28794	0.00346983
  -3.24903	0.00410002
  -3.21012	0.0048292
  -3.17121	0.00567017
   -3.1323	0.0066373
  -3.09339	0.00774503
  -3.05447	0.00900629
  -3.01556	0.0104379
  -2.97665	0.012057
  -2.93774	0.0138801
  -2.89883	0.0159255
  -2.85992	0.018212
  -2.82101	0.0207547
   -2.7821	0.0235729
  -2.74319	0.0266782
  -2.70428	0.0300941
  -2.66537	0.0338331
  -2.62646	0.0379071
  -2.58755	0.0423235
  -2.54864	0.0470976
  -2.50973	0.052236
  -2.47082	0.05774
  -2.43191	0.0636132
    -2.393	0.0698535
  -2.35409	0.0764558
  -2.31518	0.0834125
  -2.27626	0.0907159
  -2.23735	0.0983491
  -2.19844	0.106295
  -2.15953	0.114532
  -2.12062	0.123031
  -2.08171	0.131778
   -2.0428	0.140745
  -2.00389	0.149887
  -1.96498	0.159179
  -1.92607	0.168585
  -1.88716	0.178083
  -1.84825	0.187624
  -1.80934	0.197167
  -1.77043	0.206674
  -1.73152	0.216115
  -1.69261	0.225433
   -1.6537	0.234603
  -1.61479	0.243593
  -1.57588	0.252336
  -1.53696	0.260805
  -1.49805	0.268944
  -1.45914	0.276708
  -1.42023	0.284051
  -1.38132	0.290927
  -1.34241	0.297289
   -1.3035	0.303074
  -1.26459	0.308226
  -1.22568	0.312699
  -1.18677	0.316418
  -1.14786	0.319333
  -1.10895	0.321355
  -1.07004	0.322443
  -1.03113	0.322479
 -0.992218	0.321401
 -0.953307	0.319134
 -0.914397	0.315598
 -0.875486	0.310713
 -0.836576	0.304424
 -0.797665	0.296648
 -0.758755	0.287343
 -0.719844	0.276458
 -0.680934	0.264002
 -0.642023	0.249987
 -0.603113	0.234457
 -0.564202	0.217498
 -0.525292	0.199259
 -0.486381	0.179939
 -0.447471	0.159777
  -0.40856	0.139104
  -0.36965	0.118282
 -0.330739	0.0977375
 -0.291829	0.0779401
 -0.252918	0.0593895
 -0.214008	0.0425801
 -0.175097	0.0280126
 -0.136187	0.0161353
-0.0972763	0.00733151
-0.0583658	0.00189967
-0.0194553	2.44225e-005
 0.0194553	0.00177301
 0.0583658	0.00708832
 0.0972763	0.0157897
  0.136187	0.0275899
  0.175097	0.0421128
  0.214008	0.0589034
  0.252918	0.0774776
  0.291829	0.0973316
  0.330739	0.117963
   0.36965	0.1389
   0.40856	0.159726
  0.447471	0.180049
  0.486381	0.19956
  0.525292	0.218006
  0.564202	0.235169
  0.603113	0.250918
  0.642023	0.26516
  0.680934	0.277848
  0.719844	0.288949
  0.758755	0.298477
  0.797665	0.30647
  0.836576	0.312985
  0.875486	0.318077
  0.914397	0.321817
  0.953307	0.324289
  0.992218	0.325559
   1.03113	0.32569
   1.07004	0.324798
   1.10895	0.322929
   1.14786	0.320179
   1.18677	0.316605
   1.22568	0.312276
   1.26459	0.307253
    1.3035	0.301588
   1.34241	0.29535
   1.38132	0.288585
   1.42023	0.281337
   1.45914	0.27366
   1.49805	0.265593
   1.53696	0.257192
   1.57588	0.248483
   1.61479	0.239536
    1.6537	0.230387
   1.69261	0.221062
   1.73152	0.211617
   1.77043	0.202084
   1.80934	0.192495
   1.84825	0.1829
   1.88716	0.17334
   1.92607	0.163851
   1.96498	0.154464
   2.00389	0.145204
    2.0428	0.136124
   2.08171	0.127248
   2.12062	0.118604
   2.15953	0.110214
   2.19844	0.102111
   2.23735	0.0943119
   2.27626	0.0868375
   2.31518	0.0797026
   2.35409	0.0729196
     2.393	0.0664952
   2.43191	0.0604395
   2.47082	0.0547537
   2.50973	0.0494365
   2.54864	0.0444902
   2.58755	0.0398983
   2.62646	0.035659
   2.66537	0.0317617
   2.70428	0.0281974
   2.74319	0.0249453
    2.7821	0.0219925
   2.82101	0.0193234
   2.85992	0.0169211
   2.89883	0.0147671
   2.93774	0.0128441
   2.97665	0.0111342
   3.01556	0.00961922
   3.05447	0.00828142
   3.09339	0.00710716
    3.1323	0.00607936
   3.17121	0.00518496
   3.21012	0.00440724
   3.24903	0.00373379
   3.28794	0.00315483
   3.32685	0.00265702
   3.36576	0.00223173
   3.40467	0.00186756
   3.44358	0.00155836
   3.48249	0.00129695
    3.5214	0.00107642
   3.56031	0.000890346
   3.59922	0.000734944
   3.63813	0.000604821
   3.67704	0.000496279
   3.71595	0.000406309
   3.75486	0.000331775
   3.79377	0.000269995
   3.83268	0.000219617
    3.8716	0.000178216
   3.91051	0.000144107
   3.94942	0.000116257
   3.98833	9.34932e-005
   4.02724	7.52715e-005
   4.06615	6.0405e-005
   4.10506	4.83025e-005
   4.14397	3.85529e-005
   4.18288	3.07719e-005
   4.22179	2.44651e-005
    4.2607	1.93904e-005
   4.29961	1.53103e-005
   4.33852	1.20318e-005
   4.37743	9.40911e-006
   4.41634	7.34947e-006
   4.45525	5.66697e-006
   4.49416	4.3382e-006
   4.53307	3.30567e-006
   4.57198	2.46746e-006
   4.61089	1.84809e-006
   4.64981	1.35051e-006
   4.68872	9.74274e-007
   4.72763	6.73192e-007
   4.76654	4.48936e-007
   4.80545	2.81022e-007
   4.84436	1.49663e-007
   4.88327	7.26597e-008
   4.92218	2.71726e-008
