        -5	4.23535e-009
  -4.96109	2.83561e-009
  -4.92218	2.47618e-008
  -4.88327	7.40453e-008
  -4.84436	1.57348e-007
  -4.80545	2.74962e-007
  -4.76654	4.40824e-007
  -4.72763	6.58458e-007
  -4.68872	9.3569e-007
  -4.64981	1.29269e-006
  -4.61089	1.77208e-006
  -4.57198	2.4101e-006
  -4.53307	3.16322e-006
  -4.49416	4.16993e-006
  -4.45525	5.42234e-006
  -4.41634	7.01939e-006
  -4.37743	9.03574e-006
  -4.33852	1.15671e-005
  -4.29961	1.47804e-005
   -4.2607	1.88739e-005
  -4.22179	2.39734e-005
  -4.18288	3.04089e-005
  -4.14397	3.83613e-005
  -4.10506	4.83571e-005
  -4.06615	6.07834e-005
  -4.02724	7.59371e-005
  -3.98833	9.48543e-005
  -3.94942	0.000118104
  -3.91051	0.00014676
   -3.8716	0.000182137
  -3.83268	0.000225401
  -3.79377	0.000277784
  -3.75486	0.000341171
  -3.71595	0.000418435
  -3.67704	0.00051126
  -3.63813	0.000623033
  -3.59922	0.00075737
  -3.56031	0.000917277
   -3.5214	0.00110846
  -3.48249	0.00133451
  -3.44358	0.00160172
  -3.40467	0.00191739
  -3.36576	0.00228987
  -3.32685	0.00272598
  -3.28794	0.00323429
  -3.24903	0.00382725
  -3.21012	0.00451295
  -3.17121	0.00530598
   -3.1323	0.00621798
  -3.09339	0.00726292
  -3.05447	0.00845828
  -3.01556	0.00981708
  -2.97665	0.0113541
  -2.93774	0.0130868
  -2.89883	0.0150371
  -2.85992	0.0172188
  -2.82101	0.0196519
   -2.7821	0.0223566
  -2.74319	0.0253431
  -2.70428	0.0286347
  -2.66537	0.032241
  -2.62646	0.0361797
  -2.58755	0.0404623
  -2.54864	0.0451015
  -2.50973	0.0500985
  -2.47082	0.0554669
  -2.43191	0.0612024
    -2.393	0.0673076
  -2.35409	0.0737796
  -2.31518	0.0806145
  -2.27626	0.0878017
  -2.23735	0.0953193
  -2.19844	0.103159
  -2.15953	0.111308
  -2.12062	0.119739
  -2.08171	0.128417
   -2.0428	0.137323
  -2.00389	0.146426
  -1.96498	0.155687
  -1.92607	0.165091
  -1.88716	0.174592
  -1.84825	0.184154
  -1.80934	0.193732
  -1.77043	0.203301
  -1.73152	0.212818
  -1.69261	0.222239
   -1.6537	0.23151
  -1.61479	0.240614
  -1.57588	0.249486
  -1.53696	0.258105
  -1.49805	0.266426
  -1.45914	0.274401
  -1.42023	0.281973
  -1.38132	0.289101
  -1.34241	0.295747
   -1.3035	0.30185
  -1.26459	0.307344
  -1.22568	0.312181
  -1.18677	0.316309
  -1.14786	0.319648
  -1.10895	0.322159
  -1.07004	0.32375
  -1.03113	0.324355
 -0.992218	0.323873
 -0.953307	0.322269
 -0.914397	0.319437
 -0.875486	0.315304
 -0.836576	0.309796
 -0.797665	0.302845
 -0.758755	0.294391
 -0.719844	0.28439
 -0.680934	0.272802
 -0.642023	0.25964
 -0.603113	0.244926
 -0.564202	0.228734
 -0.525292	0.211165
 -0.486381	0.192382
 -0.447471	0.172616
  -0.40856	0.152134
  -0.36965	0.131271
 -0.330739	0.110428
 -0.291829	0.090046
 -0.252918	0.0706121
 -0.214008	0.0526312
 -0.175097	0.0366078
 -0.136187	0.0230134
-0.0972763	0.0122817
-0.0583658	0.00476144
-0.0194553	0.000706492
 0.0194553	0.00025822
 0.0583658	0.003431
 0.0972763	0.0101153
  0.136187	0.0200834
  0.175097	0.0330079
  0.214008	0.0484797
  0.252918	0.0660275
  0.291829	0.08515
  0.330739	0.105348
   0.36965	0.126119
   0.40856	0.147016
  0.447471	0.167631
  0.486381	0.187612
  0.525292	0.206659
  0.564202	0.224543
  0.603113	0.241087
  0.642023	0.256177
  0.680934	0.269724
  0.719844	0.28169
  0.758755	0.292083
  0.797665	0.300911
  0.836576	0.308224
  0.875486	0.314075
  0.914397	0.318529
  0.953307	0.321683
  0.992218	0.323579
   1.03113	0.324309
   1.07004	0.323949
   1.10895	0.322599
   1.14786	0.320299
   1.18677	0.317152
   1.22568	0.3132
   1.26459	0.308512
    1.3035	0.303144
   1.34241	0.297175
   1.38132	0.290649
   1.42023	0.283612
   1.45914	0.276113
   1.49805	0.26822
   1.53696	0.259975
   1.57588	0.251407
   1.61479	0.242582
    1.6537	0.233515
   1.69261	0.224262
   1.73152	0.214863
   1.77043	0.20537
   1.80934	0.195809
   1.84825	0.186222
   1.88716	0.176647
   1.92607	0.167141
   1.96498	0.157715
   2.00389	0.148419
    2.0428	0.139279
   2.08171	0.130323
   2.12062	0.121586
   2.15953	0.113104
   2.19844	0.104901
   2.23735	0.0969875
   2.27626	0.0893913
   2.31518	0.0821335
   2.35409	0.0752224
     2.393	0.0686693
   2.43191	0.0624802
   2.47082	0.0566607
   2.50973	0.0512115
   2.54864	0.0461309
   2.58755	0.0414156
   2.62646	0.0370547
   2.66537	0.0330386
   2.70428	0.0293608
   2.74319	0.0259977
    2.7821	0.0229449
   2.82101	0.020181
   2.85992	0.0176906
   2.89883	0.0154575
   2.93774	0.0134616
   2.97665	0.011682
   3.01556	0.0101028
   3.05447	0.00871026
   3.09339	0.00748469
    3.1323	0.0064101
   3.17121	0.00547378
   3.21012	0.00465775
   3.24903	0.0039523
   3.28794	0.00334222
   3.32685	0.00281716
   3.36576	0.00236799
   3.40467	0.00198558
   3.44358	0.00165998
   3.48249	0.00138292
    3.5214	0.00114954
   3.56031	0.000952049
   3.59922	0.000786417
   3.63813	0.000647794
   3.67704	0.00053183
   3.71595	0.000435813
   3.75486	0.000356016
   3.79377	0.000289712
   3.83268	0.000234926
    3.8716	0.000190271
   3.91051	0.000153593
   3.94942	0.000123731
   3.98833	9.96019e-005
   4.02724	7.98114e-005
   4.06615	6.38124e-005
   4.10506	5.08755e-005
   4.14397	4.04806e-005
   4.18288	3.21235e-005
   4.22179	2.53914e-005
    4.2607	1.99714e-005
   4.29961	1.57294e-005
   4.33852	1.23143e-005
   4.37743	9.60919e-006
   4.41634	7.48898e-006
   4.45525	5.77579e-006
   4.49416	4.46751e-006
   4.53307	3.37376e-006
   4.57198	2.53475e-006
   4.61089	1.89489e-006
   4.64981	1.40134e-006
   4.68872	9.99705e-007
   4.72763	7.02713e-007
   4.76654	4.68749e-007
   4.80545	2.96606e-007
   4.84436	1.73204e-007
   4.88327	8.98946e-008
   4.92218	3.4813e-008
