        -5	2.36904e-008
  -4.96109	4.68554e-009
  -4.92218	6.435e-009
  -4.88327	2.80554e-008
  -4.84436	7.98361e-008
  -4.80545	1.51113e-007
  -4.76654	2.53363e-007
  -4.72763	3.89453e-007
  -4.68872	5.66183e-007
  -4.64981	8.09959e-007
  -4.61089	1.14075e-006
  -4.57198	1.57053e-006
  -4.53307	2.10288e-006
  -4.49416	2.81782e-006
  -4.45525	3.7779e-006
  -4.41634	4.98538e-006
  -4.37743	6.49631e-006
  -4.33852	8.45303e-006
  -4.29961	1.09966e-005
   -4.2607	1.41564e-005
  -4.22179	1.81086e-005
  -4.18288	2.31044e-005
  -4.14397	2.93902e-005
  -4.10506	3.72033e-005
  -4.06615	4.72112e-005
  -4.02724	5.95089e-005
  -3.98833	7.48764e-005
  -3.94942	9.39532e-005
  -3.91051	0.000117446
   -3.8716	0.000146397
  -3.83268	0.00018207
  -3.79377	0.000225481
  -3.75486	0.000279028
  -3.71595	0.000343744
  -3.67704	0.000422323
  -3.63813	0.000517239
  -3.59922	0.000631041
  -3.56031	0.000768187
   -3.5214	0.000932628
  -3.48249	0.00112862
  -3.44358	0.00136085
  -3.40467	0.00163614
  -3.36576	0.00196185
  -3.32685	0.00234429
  -3.28794	0.0027919
  -3.24903	0.0033148
  -3.21012	0.00392444
  -3.17121	0.00463041
   -3.1323	0.00544402
  -3.09339	0.00638121
  -3.05447	0.00745526
  -3.01556	0.00868039
  -2.97665	0.0100733
  -2.93774	0.0116506
  -2.89883	0.0134288
  -2.85992	0.0154275
  -2.82101	0.0176651
   -2.7821	0.0201564
  -2.74319	0.0229199
  -2.70428	0.0259721
  -2.66537	0.0293282
  -2.62646	0.0330074
  -2.58755	0.0370216
  -2.54864	0.0413848
  -2.50973	0.0461002
  -2.47082	0.0511831
  -2.43191	0.0566376
    -2.393	0.0624618
  -2.35409	0.0686606
  -2.31518	0.0752196
  -2.27626	0.0821409
  -2.23735	0.0894063
  -2.19844	0.0970151
  -2.15953	0.104934
  -2.12062	0.113158
  -2.08171	0.121656
   -2.0428	0.13041
  -2.00389	0.139387
  -1.96498	0.148565
  -1.92607	0.157903
  -1.88716	0.16736
  -1.84825	0.176916
  -1.80934	0.18653
  -1.77043	0.196158
  -1.73152	0.205779
  -1.69261	0.215335
   -1.6537	0.224792
  -1.61479	0.234114
  -1.57588	0.24324
  -1.53696	0.252153
  -1.49805	0.260799
  -1.45914	0.269135
  -1.42023	0.277129
  -1.38132	0.284708
  -1.34241	0.291835
   -1.3035	0.29846
  -1.26459	0.304545
  -1.22568	0.31002
  -1.18677	0.314824
  -1.14786	0.31891
  -1.10895	0.322211
  -1.07004	0.324658
  -1.03113	0.326168
 -0.992218	0.326684
 -0.953307	0.326133
 -0.914397	0.324421
 -0.875486	0.321473
 -0.836576	0.317223
 -0.797665	0.311602
 -0.758755	0.304524
 -0.719844	0.295941
 -0.680934	0.285806
 -0.642023	0.274075
 -0.603113	0.260777
 -0.564202	0.245929
 -0.525292	0.229601
 -0.486381	0.211918
 -0.447471	0.19302
  -0.40856	0.173133
  -0.36965	0.152543
 -0.330739	0.131578
 -0.291829	0.110654
 -0.252918	0.0902041
 -0.214008	0.0707189
 -0.175097	0.0526881
 -0.136187	0.0366323
-0.0972763	0.0230205
-0.0583658	0.0122796
-0.0194553	0.00475651
 0.0194553	0.000707243
 0.0583658	0.000266064
 0.0972763	0.00344504
  0.136187	0.010135
  0.175097	0.0201021
  0.214008	0.0330173
  0.252918	0.0484677
  0.291829	0.0659913
  0.330739	0.0850766
   0.36965	0.105229
   0.40856	0.125949
  0.447471	0.14678
  0.486381	0.167325
  0.525292	0.187232
  0.564202	0.206203
  0.603113	0.224025
  0.642023	0.240493
  0.680934	0.255499
  0.719844	0.268964
  0.758755	0.280843
  0.797665	0.291152
  0.836576	0.299902
  0.875486	0.307136
  0.914397	0.312892
  0.953307	0.317262
  0.992218	0.320315
   1.03113	0.322118
   1.07004	0.322752
   1.10895	0.322299
   1.14786	0.320847
   1.18677	0.318456
   1.22568	0.315197
   1.26459	0.311151
    1.3035	0.306384
   1.34241	0.300943
   1.38132	0.29488
   1.42023	0.288275
   1.45914	0.281166
   1.49805	0.273607
   1.53696	0.265659
   1.57588	0.257349
   1.61479	0.248729
    1.6537	0.239851
   1.69261	0.230739
   1.73152	0.221461
   1.77043	0.212045
   1.80934	0.202534
   1.84825	0.192982
   1.88716	0.183404
   1.92607	0.173849
   1.96498	0.164357
   2.00389	0.154966
    2.0428	0.145714
   2.08171	0.136628
   2.12062	0.127745
   2.15953	0.119085
   2.19844	0.11069
   2.23735	0.102572
   2.27626	0.0947578
   2.31518	0.0872586
   2.35409	0.0801025
     2.393	0.0732909
   2.43191	0.0668421
   2.47082	0.060763
   2.50973	0.0550517
   2.54864	0.0497097
   2.58755	0.0447382
   2.62646	0.0401302
   2.66537	0.035873
   2.70428	0.0319596
   2.74319	0.0283743
    2.7821	0.0251036
   2.82101	0.022136
   2.85992	0.0194532
   2.89883	0.0170381
   2.93774	0.0148718
   2.97665	0.0129365
   3.01556	0.0112153
   3.05447	0.00968997
   3.09339	0.00834674
    3.1323	0.00716403
   3.17121	0.0061282
   3.21012	0.0052256
   3.24903	0.00444253
   3.28794	0.00376453
   3.32685	0.00317885
   3.36576	0.0026766
   3.40467	0.00224699
   3.44358	0.00188026
   3.48249	0.00156775
    3.5214	0.00130374
   3.56031	0.00108135
   3.59922	0.00089387
   3.63813	0.000736625
   3.67704	0.000605447
   3.71595	0.000495569
   3.75486	0.00040479
   3.79377	0.000329546
   3.83268	0.000267454
    3.8716	0.000216533
   3.91051	0.000174802
   3.94942	0.000140612
   3.98833	0.000112965
   4.02724	9.01568e-005
   4.06615	7.19888e-005
   4.10506	5.7244e-005
   4.14397	4.54496e-005
   4.18288	3.60121e-005
   4.22179	2.83937e-005
    4.2607	2.22444e-005
   4.29961	1.73885e-005
   4.33852	1.35917e-005
   4.37743	1.05418e-005
   4.41634	8.08635e-006
   4.45525	6.19535e-006
   4.49416	4.7502e-006
   4.53307	3.59661e-006
   4.57198	2.68491e-006
   4.61089	1.99957e-006
   4.64981	1.48899e-006
   4.68872	1.08464e-006
   4.72763	7.81281e-007
   4.76654	5.49632e-007
   4.80545	3.5807e-007
   4.84436	2.25899e-007
   4.88327	1.30319e-007
   4.92218	6.23878e-008
