        -5	1.10652e-008
  -4.96109	9.95334e-010
  -4.92218	1.63547e-008
  -4.88327	5.78731e-008
  -4.84436	1.27984e-007
  -4.80545	2.36808e-007
  -4.76654	3.69898e-007
  -4.72763	5.55521e-007
  -4.68872	8.12778e-007
  -4.64981	1.15483e-006
  -4.61089	1.60571e-006
  -4.57198	2.15045e-006
  -4.53307	2.87218e-006
  -4.49416	3.79826e-006
  -4.45525	4.9142e-006
  -4.41634	6.3634e-006
  -4.37743	8.13419e-006
  -4.33852	1.04702e-005
  -4.29961	1.33797e-005
   -4.2607	1.69902e-005
  -4.22179	2.16416e-005
  -4.18288	2.74647e-005
  -4.14397	3.47464e-005
  -4.10506	4.36843e-005
  -4.06615	5.47859e-005
  -4.02724	6.86281e-005
  -3.98833	8.58234e-005
  -3.94942	0.000107005
  -3.91051	0.000133144
   -3.8716	0.000165059
  -3.83268	0.000203826
  -3.79377	0.000251417
  -3.75486	0.00030943
  -3.71595	0.000379901
  -3.67704	0.000465225
  -3.63813	0.000567726
  -3.59922	0.000691073
  -3.56031	0.000838476
   -3.5214	0.00101495
  -3.48249	0.00122517
  -3.44358	0.0014743
  -3.40467	0.00176834
  -3.36576	0.0021158
  -3.32685	0.0025239
  -3.28794	0.00300067
  -3.24903	0.00355627
  -3.21012	0.00420223
  -3.17121	0.0049506
   -3.1323	0.00581264
  -3.09339	0.00680232
  -3.05447	0.00793371
  -3.01556	0.0092242
  -2.97665	0.0106865
  -2.93774	0.0123432
  -2.89883	0.0142078
  -2.85992	0.0162972
  -2.82101	0.0186325
   -2.7821	0.0212309
  -2.74319	0.0241059
  -2.70428	0.0272785
  -2.66537	0.0307656
  -2.62646	0.0345739
  -2.58755	0.0387233
  -2.54864	0.0432217
  -2.50973	0.0480768
  -2.47082	0.0532984
  -2.43191	0.0588917
    -2.393	0.0648535
  -2.35409	0.0711781
  -2.31518	0.0778641
  -2.27626	0.0849044
  -2.23735	0.0922924
  -2.19844	0.0999959
  -2.15953	0.108013
  -2.12062	0.116319
  -2.08171	0.124893
   -2.0428	0.133696
  -2.00389	0.142707
  -1.96498	0.151897
  -1.92607	0.161238
  -1.88716	0.170688
  -1.84825	0.180214
  -1.80934	0.189783
  -1.77043	0.19934
  -1.73152	0.208862
  -1.69261	0.218314
   -1.6537	0.22764
  -1.61479	0.236811
  -1.57588	0.245786
  -1.53696	0.254512
  -1.49805	0.262947
  -1.45914	0.27107
  -1.42023	0.278812
  -1.38132	0.286145
  -1.34241	0.292999
   -1.3035	0.299334
  -1.26459	0.305094
  -1.22568	0.310219
  -1.18677	0.314663
  -1.14786	0.318353
  -1.10895	0.321224
  -1.07004	0.323216
  -1.03113	0.324252
 -0.992218	0.324266
 -0.953307	0.32317
 -0.914397	0.320891
 -0.875486	0.317353
 -0.836576	0.312459
 -0.797665	0.306171
 -0.758755	0.298395
 -0.719844	0.289088
 -0.680934	0.278216
 -0.642023	0.265777
 -0.603113	0.251769
 -0.564202	0.236253
 -0.525292	0.219303
 -0.486381	0.201063
 -0.447471	0.181727
  -0.40856	0.161556
  -0.36965	0.140843
 -0.330739	0.119967
 -0.291829	0.0993492
 -0.252918	0.0794464
 -0.214008	0.0607622
 -0.175097	0.0437961
 -0.136187	0.0290368
-0.0972763	0.0169358
-0.0583658	0.00788594
-0.0194553	0.00218412
 0.0194553	2.34272e-005
 0.0583658	0.00147805
 0.0972763	0.00649709
  0.136187	0.0149075
  0.175097	0.0264271
  0.214008	0.0406859
  0.252918	0.0572361
  0.291829	0.0755968
  0.330739	0.0952679
   0.36965	0.115743
   0.40856	0.136564
  0.447471	0.157296
  0.486381	0.177556
  0.525292	0.197017
  0.564202	0.215432
  0.603113	0.232586
  0.642023	0.248348
  0.680934	0.262613
  0.719844	0.275321
  0.758755	0.286441
  0.797665	0.296011
  0.836576	0.304032
  0.875486	0.310569
  0.914397	0.315685
  0.953307	0.319443
  0.992218	0.321931
   1.03113	0.323221
   1.07004	0.323397
   1.10895	0.32253
   1.14786	0.32069
   1.18677	0.317966
   1.22568	0.31441
   1.26459	0.310096
    1.3035	0.305085
   1.34241	0.299425
   1.38132	0.293193
   1.42023	0.286426
   1.45914	0.279201
   1.49805	0.271547
   1.53696	0.263505
   1.57588	0.255134
   1.61479	0.246476
    1.6537	0.237564
   1.69261	0.228454
   1.73152	0.219189
   1.77043	0.209788
   1.80934	0.200307
   1.84825	0.190782
   1.88716	0.18125
   1.92607	0.171756
   1.96498	0.162334
   2.00389	0.153018
    2.0428	0.143834
   2.08171	0.134823
   2.12062	0.126016
   2.15953	0.117449
   2.19844	0.109128
   2.23735	0.101094
   2.27626	0.0933658
   2.31518	0.0859613
   2.35409	0.0788886
     2.393	0.0721638
   2.43191	0.0657996
   2.47082	0.0598024
   2.50973	0.0541708
   2.54864	0.0489051
   2.58755	0.0440055
   2.62646	0.0394579
   2.66537	0.0352613
   2.70428	0.0314065
   2.74319	0.0278744
    2.7821	0.0246561
   2.82101	0.0217366
   2.85992	0.0190966
   2.89883	0.0167185
   2.93774	0.0145913
   2.97665	0.0126899
   3.01556	0.0110013
   3.05447	0.00950513
   3.09339	0.00818541
    3.1323	0.00702485
   3.17121	0.00600994
   3.21012	0.00512583
   3.24903	0.00435817
   3.28794	0.00369298
   3.32685	0.00311966
   3.36576	0.00262823
   3.40467	0.00220738
   3.44358	0.00184807
   3.48249	0.00154276
    3.5214	0.00128473
   3.56031	0.00106644
   3.59922	0.000883026
   3.63813	0.000728684
   3.67704	0.000599583
   3.71595	0.00049197
   3.75486	0.000402671
   3.79377	0.000329071
   3.83268	0.000268065
    3.8716	0.000217603
   3.91051	0.000176185
   3.94942	0.000142182
   3.98833	0.000114493
   4.02724	9.20345e-005
   4.06615	7.38265e-005
   4.10506	5.89317e-005
   4.14397	4.68632e-005
   4.18288	3.70992e-005
   4.22179	2.93949e-005
    4.2607	2.31709e-005
   4.29961	1.81448e-005
   4.33852	1.42648e-005
   4.37743	1.11343e-005
   4.41634	8.7049e-006
   4.45525	6.71984e-006
   4.49416	5.14963e-006
   4.53307	3.95186e-006
   4.57198	2.96485e-006
   4.61089	2.19483e-006
   4.64981	1.59528e-006
   4.68872	1.14987e-006
   4.72763	8.21328e-007
   4.76654	5.52226e-007
   4.80545	3.5497e-007
   4.84436	2.10851e-007
   4.88327	1.10066e-007
   4.92218	4.25106e-008
