        -5	1.83619e-008
  -4.96109	1.02426e-008
  -4.92218	2.24829e-008
  -4.88327	6.05048e-008
  -4.84436	1.30438e-007
  -4.80545	2.33708e-007
  -4.76654	3.84747e-007
  -4.72763	5.7594e-007
  -4.68872	8.35164e-007
  -4.64981	1.16152e-006
  -4.61089	1.61821e-006
  -4.57198	2.22946e-006
  -4.53307	2.9679e-006
  -4.49416	3.93589e-006
  -4.45525	5.17779e-006
  -4.41634	6.81114e-006
  -4.37743	8.87054e-006
  -4.33852	1.15975e-005
  -4.29961	1.49591e-005
   -4.2607	1.91558e-005
  -4.22179	2.45434e-005
  -4.18288	3.13183e-005
  -4.14397	3.98692e-005
  -4.10506	5.04289e-005
  -4.06615	6.35423e-005
  -4.02724	7.98803e-005
  -3.98833	9.99454e-005
  -3.94942	0.00012454
  -3.91051	0.000154818
   -3.8716	0.000191915
  -3.83268	0.000237237
  -3.79377	0.000292061
  -3.75486	0.000358355
  -3.71595	0.000438747
  -3.67704	0.000535556
  -3.63813	0.000651429
  -3.59922	0.000790344
  -3.56031	0.00095648
   -3.5214	0.00115366
  -3.48249	0.00138811
  -3.44358	0.00166355
  -3.40467	0.00198949
  -3.36576	0.00237159
  -3.32685	0.00281961
  -3.28794	0.00334087
  -3.24903	0.00394637
  -3.21012	0.00464705
  -3.17121	0.00545448
   -3.1323	0.00638406
  -3.09339	0.00744734
  -3.05447	0.00866041
  -3.01556	0.0100378
  -2.97665	0.0115956
  -2.93774	0.0133535
  -2.89883	0.0153243
  -2.85992	0.0175267
  -2.82101	0.0199845
   -2.7821	0.0227105
  -2.74319	0.0257218
  -2.70428	0.0290367
  -2.66537	0.0326676
  -2.62646	0.0366353
  -2.58755	0.0409426
  -2.54864	0.0455992
  -2.50973	0.0506184
  -2.47082	0.0560054
  -2.43191	0.0617577
    -2.393	0.0678832
  -2.35409	0.0743712
  -2.31518	0.081214
  -2.27626	0.0884054
  -2.23735	0.0959366
  -2.19844	0.103785
  -2.15953	0.111929
  -2.12062	0.120354
  -2.08171	0.129029
   -2.0428	0.137922
  -2.00389	0.147024
  -1.96498	0.156285
  -1.92607	0.165671
  -1.88716	0.175147
  -1.84825	0.184682
  -1.80934	0.19424
  -1.77043	0.203778
  -1.73152	0.213259
  -1.69261	0.222642
   -1.6537	0.231886
  -1.61479	0.240943
  -1.57588	0.249775
  -1.53696	0.258334
  -1.49805	0.266596
  -1.45914	0.274494
  -1.42023	0.28199
  -1.38132	0.28903
  -1.34241	0.295584
   -1.3035	0.301564
  -1.26459	0.306945
  -1.22568	0.31165
  -1.18677	0.315632
  -1.14786	0.318823
  -1.10895	0.321146
  -1.07004	0.322536
  -1.03113	0.322911
 -0.992218	0.322211
 -0.953307	0.320349
 -0.914397	0.31724
 -0.875486	0.312823
 -0.836576	0.30701
 -0.797665	0.29974
 -0.758755	0.29095
 -0.719844	0.280611
 -0.680934	0.268701
 -0.642023	0.255219
 -0.603113	0.240216
 -0.564202	0.223757
 -0.525292	0.205957
 -0.486381	0.187
 -0.447471	0.167112
  -0.40856	0.146584
  -0.36965	0.125778
 -0.330739	0.10509
 -0.291829	0.0849806
 -0.252918	0.0659317
 -0.214008	0.0484516
 -0.175097	0.0330302
 -0.136187	0.0201361
-0.0972763	0.0101804
-0.0583658	0.00349106
-0.0194553	0.000297069
 0.0194553	0.000706725
 0.0583658	0.00470845
 0.0972763	0.0121679
  0.136187	0.0228338
  0.175097	0.0363574
  0.214008	0.0523198
  0.252918	0.0702411
  0.291829	0.0896268
  0.330739	0.109973
   0.36965	0.130803
   0.40856	0.151669
  0.447471	0.172169
  0.486381	0.191973
  0.525292	0.210793
  0.564202	0.228407
  0.603113	0.244667
  0.642023	0.259454
  0.680934	0.2727
  0.719844	0.284382
  0.758755	0.294485
  0.797665	0.303042
  0.836576	0.310098
  0.875486	0.315713
  0.914397	0.319947
  0.953307	0.322877
  0.992218	0.324594
   1.03113	0.325156
   1.07004	0.324655
   1.10895	0.323153
   1.14786	0.320731
   1.18677	0.317465
   1.22568	0.313412
   1.26459	0.308651
    1.3035	0.303214
   1.34241	0.297188
   1.38132	0.290611
   1.42023	0.283532
   1.45914	0.276005
   1.49805	0.268089
   1.53696	0.259819
   1.57588	0.251241
   1.61479	0.24239
    1.6537	0.233321
   1.69261	0.224067
   1.73152	0.214674
   1.77043	0.205179
   1.80934	0.195632
   1.84825	0.186063
   1.88716	0.176515
   1.92607	0.167012
   1.96498	0.157599
   2.00389	0.148324
    2.0428	0.139204
   2.08171	0.130272
   2.12062	0.121563
   2.15953	0.113104
   2.19844	0.104912
   2.23735	0.0970281
   2.27626	0.0894569
   2.31518	0.0822177
   2.35409	0.075321
     2.393	0.0687868
   2.43191	0.062615
   2.47082	0.0568106
   2.50973	0.0513789
   2.54864	0.0463098
   2.58755	0.0415961
   2.62646	0.0372411
   2.66537	0.0332279
   2.70428	0.0295503
   2.74319	0.0261901
    2.7821	0.0231335
   2.82101	0.0203698
   2.85992	0.0178768
   2.89883	0.0156342
   2.93774	0.0136293
   2.97665	0.0118421
   3.01556	0.0102546
   3.05447	0.00885223
   3.09339	0.00761528
    3.1323	0.00653161
   3.17121	0.00558396
   3.21012	0.00475962
   3.24903	0.0040436
   3.28794	0.00342425
   3.32685	0.00289119
   3.36576	0.00243303
   3.40467	0.00204269
   3.44358	0.00170885
   3.48249	0.00142572
    3.5214	0.00118528
   3.56031	0.000982698
   3.59922	0.00081248
   3.63813	0.000669412
   3.67704	0.000549786
   3.71595	0.000450746
   3.75486	0.000368119
   3.79377	0.000299731
   3.83268	0.000243096
    3.8716	0.000196723
   3.91051	0.000158777
   3.94942	0.00012766
   3.98833	0.000102201
   4.02724	8.17158e-005
   4.06615	6.5086e-005
   4.10506	5.15913e-005
   4.14397	4.08013e-005
   4.18288	3.21073e-005
   4.22179	2.53205e-005
    4.2607	1.98601e-005
   4.29961	1.5457e-005
   4.33852	1.20083e-005
   4.37743	9.2906e-006
   4.41634	7.19165e-006
   4.45525	5.53138e-006
   4.49416	4.27937e-006
   4.53307	3.22534e-006
   4.57198	2.42586e-006
   4.61089	1.81801e-006
   4.64981	1.35068e-006
   4.68872	9.93876e-007
   4.72763	7.00413e-007
   4.76654	4.86044e-007
   4.80545	3.22273e-007
   4.84436	1.97667e-007
   4.88327	1.06327e-007
   4.92218	5.12496e-008
