        -5	2.52654e-008
  -4.96109	5.75225e-009
  -4.92218	1.08896e-008
  -4.88327	4.08634e-008
  -4.84436	9.36121e-008
  -4.80545	1.76046e-007
  -4.76654	2.89848e-007
  -4.72763	4.37433e-007
  -4.68872	6.43976e-007
  -4.64981	9.21025e-007
  -4.61089	1.25862e-006
  -4.57198	1.70796e-006
  -4.53307	2.31098e-006
  -4.49416	3.08464e-006
  -4.45525	4.09287e-006
  -4.41634	5.36631e-006
  -4.37743	6.98068e-006
  -4.33852	8.94932e-006
  -4.29961	1.14997e-005
   -4.2607	1.46919e-005
  -4.22179	1.87727e-005
  -4.18288	2.39334e-005
  -4.14397	3.04189e-005
  -4.10506	3.84415e-005
  -4.06615	4.84222e-005
  -4.02724	6.07644e-005
  -3.98833	7.62761e-005
  -3.94942	9.52478e-005
  -3.91051	0.000118954
   -3.8716	0.000147917
  -3.83268	0.000183271
  -3.79377	0.000226801
  -3.75486	0.00027989
  -3.71595	0.000344602
  -3.67704	0.000422136
  -3.63813	0.000516221
  -3.59922	0.000629321
  -3.56031	0.000765373
   -3.5214	0.000927068
  -3.48249	0.00112001
  -3.44358	0.00134975
  -3.40467	0.00162208
  -3.36576	0.0019428
  -3.32685	0.00231943
  -3.28794	0.00276204
  -3.24903	0.00327856
  -3.21012	0.00387886
  -3.17121	0.00457507
   -3.1323	0.00537823
  -3.09339	0.00630215
  -3.05447	0.00736125
  -3.01556	0.00857267
  -2.97665	0.00994948
  -2.93774	0.0115088
  -2.89883	0.0132684
  -2.85992	0.0152432
  -2.82101	0.0174521
   -2.7821	0.0199172
  -2.74319	0.0226516
  -2.70428	0.0256783
  -2.66537	0.0290096
  -2.62646	0.0326607
  -2.58755	0.0366435
  -2.54864	0.0409713
  -2.50973	0.0456586
  -2.47082	0.0507085
  -2.43191	0.056127
    -2.393	0.06192
  -2.35409	0.0680776
  -2.31518	0.074608
  -2.27626	0.0814983
  -2.23735	0.0887448
  -2.19844	0.0963203
  -2.15953	0.104217
  -2.12062	0.112421
  -2.08171	0.120905
   -2.0428	0.129642
  -2.00389	0.138598
  -1.96498	0.147761
  -1.92607	0.157086
  -1.88716	0.166542
  -1.84825	0.176094
  -1.80934	0.185705
  -1.77043	0.195335
  -1.73152	0.204949
  -1.69261	0.21452
   -1.6537	0.223996
  -1.61479	0.233331
  -1.57588	0.242497
  -1.53696	0.251439
  -1.49805	0.260111
  -1.45914	0.268494
  -1.42023	0.276515
  -1.38132	0.284148
  -1.34241	0.29135
   -1.3035	0.298052
  -1.26459	0.304212
  -1.22568	0.309784
  -1.18677	0.314687
  -1.14786	0.318895
  -1.10895	0.322332
  -1.07004	0.324943
  -1.03113	0.326639
 -0.992218	0.327356
 -0.953307	0.327023
 -0.914397	0.325552
 -0.875486	0.322878
 -0.836576	0.318913
 -0.797665	0.313578
 -0.758755	0.306808
 -0.719844	0.298541
 -0.680934	0.288739
 -0.642023	0.27735
 -0.603113	0.26438
 -0.564202	0.24985
 -0.525292	0.233821
 -0.486381	0.216391
 -0.447471	0.197716
  -0.40856	0.178002
  -0.36965	0.157506
 -0.330739	0.13656
 -0.291829	0.11556
 -0.252918	0.0949273
 -0.214008	0.0751445
 -0.175097	0.0567162
 -0.136187	0.0401439
-0.0972763	0.0259177
-0.0583658	0.0144768
-0.0194553	0.00618776
 0.0194553	0.00132452
 0.0583658	5.05437e-005
 0.0972763	0.00240713
  0.136187	0.00830902
  0.175097	0.0175517
  0.214008	0.0298254
  0.252918	0.0447276
  0.291829	0.0618084
  0.330739	0.0805679
   0.36965	0.100493
   0.40856	0.121094
  0.447471	0.141905
  0.486381	0.162511
  0.525292	0.182545
  0.564202	0.201704
  0.603113	0.21974
  0.642023	0.236459
  0.680934	0.251746
  0.719844	0.265503
  0.758755	0.27769
  0.797665	0.288283
  0.836576	0.297317
  0.875486	0.304821
  0.914397	0.310849
  0.953307	0.315469
  0.992218	0.318759
   1.03113	0.320781
   1.07004	0.321627
   1.10895	0.321379
   1.14786	0.320122
   1.18677	0.317905
   1.22568	0.314819
   1.26459	0.310926
    1.3035	0.306278
   1.34241	0.300958
   1.38132	0.295025
   1.42023	0.288514
   1.45914	0.281512
   1.49805	0.274045
   1.53696	0.266162
   1.57588	0.257925
   1.61479	0.249363
    1.6537	0.240529
   1.69261	0.231481
   1.73152	0.222249
   1.77043	0.212882
   1.80934	0.203407
   1.84825	0.193877
   1.88716	0.184324
   1.92607	0.174789
   1.96498	0.16532
   2.00389	0.155936
    2.0428	0.14668
   2.08171	0.137583
   2.12062	0.128691
   2.15953	0.12002
   2.19844	0.111595
   2.23735	0.103448
   2.27626	0.0956033
   2.31518	0.0880808
   2.35409	0.0808879
     2.393	0.0740482
   2.43191	0.0675656
   2.47082	0.0614471
   2.50973	0.0556993
   2.54864	0.050324
   2.58755	0.0453105
   2.62646	0.0406587
   2.66537	0.0363599
   2.70428	0.0324085
   2.74319	0.0287866
    2.7821	0.025488
   2.82101	0.0224902
   2.85992	0.019777
   2.89883	0.0173323
   2.93774	0.0151376
   2.97665	0.0131751
   3.01556	0.0114308
   3.05447	0.00988419
   3.09339	0.00852014
    3.1323	0.0073185
   3.17121	0.0062664
   3.21012	0.00534764
   3.24903	0.00454815
   3.28794	0.00385749
   3.32685	0.00326053
   3.36576	0.00274698
   3.40467	0.00230669
   3.44358	0.00193194
   3.48249	0.00161362
    3.5214	0.00134293
   3.56031	0.00111445
   3.59922	0.000922079
   3.63813	0.00076142
   3.67704	0.000626095
   3.71595	0.000513363
   3.75486	0.000419604
   3.79377	0.000342401
   3.83268	0.000278347
    3.8716	0.000225536
   3.91051	0.000182429
   3.94942	0.000146999
   3.98833	0.000118182
   4.02724	9.48257e-005
   4.06615	7.58459e-005
   4.10506	6.03608e-005
   4.14397	4.79296e-005
   4.18288	3.79191e-005
   4.22179	2.99612e-005
    4.2607	2.3617e-005
   4.29961	1.86301e-005
   4.33852	1.45806e-005
   4.37743	1.13842e-005
   4.41634	8.78604e-006
   4.45525	6.76841e-006
   4.49416	5.17274e-006
   4.53307	3.93127e-006
   4.57198	2.99149e-006
   4.61089	2.22319e-006
   4.64981	1.62975e-006
   4.68872	1.19466e-006
   4.72763	8.55918e-007
   4.76654	6.01929e-007
   4.80545	3.98596e-007
   4.84436	2.52664e-007
   4.88327	1.43582e-007
   4.92218	7.12471e-008
