        -5	1.23054e-008
  -4.96109	3.05811e-008
  -4.92218	7.39165e-008
  -4.88327	1.39719e-007
  -4.84436	2.39804e-007
  -4.80545	3.7692e-007
  -4.76654	5.77828e-007
  -4.72763	8.27897e-007
  -4.68872	1.16033e-006
  -4.64981	1.57514e-006
  -4.61089	2.1179e-006
  -4.57198	2.80765e-006
  -4.53307	3.72424e-006
  -4.49416	4.87662e-006
  -4.45525	6.31522e-006
  -4.41634	8.13527e-006
  -4.37743	1.04514e-005
  -4.33852	1.34479e-005
  -4.29961	1.70827e-005
   -4.2607	2.17973e-005
  -4.22179	2.76629e-005
  -4.18288	3.49429e-005
  -4.14397	4.40068e-005
  -4.10506	5.53338e-005
  -4.06615	6.94298e-005
  -4.02724	8.68445e-005
  -3.98833	0.000108226
  -3.94942	0.000134649
  -3.91051	0.000166865
   -3.8716	0.000206315
  -3.83268	0.000254327
  -3.79377	0.000312835
  -3.75486	0.000383423
  -3.71595	0.000468602
  -3.67704	0.000571152
  -3.63813	0.00069517
  -3.59922	0.000842455
  -3.56031	0.0010192
   -3.5214	0.00122946
  -3.48249	0.00147785
  -3.44358	0.0017716
  -3.40467	0.00211773
  -3.36576	0.0025231
  -3.32685	0.00299727
  -3.28794	0.00354931
  -3.24903	0.00419181
  -3.21012	0.0049339
  -3.17121	0.00578833
   -3.1323	0.00676783
  -3.09339	0.00788804
  -3.05447	0.0091653
  -3.01556	0.0106123
  -2.97665	0.0122487
  -2.93774	0.0140925
  -2.89883	0.0161592
  -2.85992	0.0184675
  -2.82101	0.0210367
   -2.7821	0.0238798
  -2.74319	0.0270175
  -2.70428	0.0304652
  -2.66537	0.0342304
  -2.62646	0.0383338
  -2.58755	0.0427844
  -2.54864	0.0475962
  -2.50973	0.0527704
  -2.47082	0.0583118
  -2.43191	0.0642177
    -2.393	0.0704904
  -2.35409	0.0771299
  -2.31518	0.0841238
  -2.27626	0.0914612
  -2.23735	0.0991197
  -2.19844	0.107097
  -2.15953	0.115359
  -2.12062	0.12388
  -2.08171	0.13265
   -2.0428	0.141627
  -2.00389	0.150782
  -1.96498	0.160085
  -1.92607	0.1695
  -1.88716	0.178994
  -1.84825	0.188515
  -1.80934	0.198041
  -1.77043	0.207532
  -1.73152	0.216953
  -1.69261	0.226257
   -1.6537	0.235395
  -1.61479	0.244339
  -1.57588	0.253041
  -1.53696	0.261449
  -1.49805	0.269527
  -1.45914	0.277226
  -1.42023	0.284501
  -1.38132	0.291299
  -1.34241	0.297575
   -1.3035	0.303263
  -1.26459	0.308332
  -1.22568	0.312699
  -1.18677	0.316307
  -1.14786	0.319088
  -1.10895	0.320974
  -1.07004	0.321887
  -1.03113	0.321755
 -0.992218	0.320499
 -0.953307	0.318041
 -0.914397	0.314292
 -0.875486	0.309181
 -0.836576	0.302659
 -0.797665	0.294637
 -0.758755	0.285076
 -0.719844	0.27395
 -0.680934	0.261236
 -0.642023	0.246959
 -0.603113	0.231188
 -0.564202	0.213996
 -0.525292	0.195554
 -0.486381	0.176065
 -0.447471	0.155798
  -0.40856	0.135073
  -0.36965	0.114272
 -0.330739	0.0938317
 -0.291829	0.0742274
 -0.252918	0.0559659
 -0.214008	0.0395506
 -0.175097	0.0254683
 -0.136187	0.014153
-0.0972763	0.00598472
-0.0583658	0.00123738
-0.0194553	7.78212e-005
 0.0194553	0.00255008
 0.0583658	0.0085708
 0.0972763	0.0179415
  0.136187	0.0303451
  0.175097	0.0453911
  0.214008	0.0626203
  0.252918	0.0815409
  0.291829	0.101643
  0.330739	0.12243
   0.36965	0.143436
   0.40856	0.164239
  0.447471	0.184482
  0.486381	0.203854
  0.525292	0.222115
  0.564202	0.239052
  0.603113	0.254557
  0.642023	0.268532
  0.680934	0.280927
  0.719844	0.291741
  0.758755	0.300994
  0.797665	0.308703
  0.836576	0.314955
  0.875486	0.319797
  0.914397	0.323295
  0.953307	0.325532
  0.992218	0.326584
   1.03113	0.326535
   1.07004	0.325454
   1.10895	0.323424
   1.14786	0.32051
   1.18677	0.316782
   1.22568	0.312297
   1.26459	0.307143
    1.3035	0.301357
   1.34241	0.295001
   1.38132	0.288124
   1.42023	0.280781
   1.45914	0.273013
   1.49805	0.264875
   1.53696	0.256398
   1.57588	0.247631
   1.61479	0.238627
    1.6537	0.229411
   1.69261	0.220033
   1.73152	0.210537
   1.77043	0.200967
   1.80934	0.191359
   1.84825	0.18174
   1.88716	0.172158
   1.92607	0.162648
   1.96498	0.153248
   2.00389	0.143988
    2.0428	0.134902
   2.08171	0.126032
   2.12062	0.117394
   2.15953	0.109016
   2.19844	0.100934
   2.23735	0.0931546
   2.27626	0.0857049
   2.31518	0.0785973
   2.35409	0.0718509
     2.393	0.0654712
   2.43191	0.0594578
   2.47082	0.053816
   2.50973	0.0485427
   2.54864	0.0436424
   2.58755	0.0391044
   2.62646	0.0349226
   2.66537	0.0310767
   2.70428	0.0275604
   2.74319	0.0243599
    2.7821	0.0214549
   2.82101	0.0188321
   2.85992	0.0164745
   2.89883	0.0143616
   2.93774	0.0124784
   2.97665	0.0108076
   3.01556	0.00932714
   3.05447	0.00802423
   3.09339	0.00688055
    3.1323	0.00588034
   3.17121	0.00500824
   3.21012	0.00425072
   3.24903	0.00359706
   3.28794	0.00303412
   3.32685	0.00255124
   3.36576	0.00213794
   3.40467	0.00178628
   3.44358	0.00148816
   3.48249	0.00123532
    3.5214	0.00102209
   3.56031	0.00084405
   3.59922	0.000693963
   3.63813	0.000569545
   3.67704	0.000466184
   3.71595	0.000380592
   3.75486	0.000309694
   3.79377	0.000251359
   3.83268	0.00020349
    3.8716	0.000164392
   3.91051	0.000132395
   3.94942	0.000106458
   3.98833	8.52984e-005
   4.02724	6.81302e-005
   4.06615	5.42731e-005
   4.10506	4.32191e-005
   4.14397	3.42902e-005
   4.18288	2.71212e-005
   4.22179	2.13208e-005
    4.2607	1.68276e-005
   4.29961	1.31213e-005
   4.33852	1.02481e-005
   4.37743	7.95845e-006
   4.41634	6.17158e-006
   4.45525	4.73526e-006
   4.49416	3.57848e-006
   4.53307	2.6989e-006
   4.57198	2.01266e-006
   4.61089	1.49935e-006
   4.64981	1.08822e-006
   4.68872	7.73893e-007
   4.72763	5.15852e-007
   4.76654	3.36244e-007
   4.80545	2.0665e-007
   4.84436	1.14575e-007
   4.88327	5.28234e-008
   4.92218	2.10749e-008
