        -5	1.31154e-008
  -4.96109	1.59708e-008
  -4.92218	4.41125e-008
  -4.88327	9.88953e-008
  -4.84436	1.88931e-007
  -4.80545	3.34339e-007
  -4.76654	5.20943e-007
  -4.72763	7.68262e-007
  -4.68872	1.0982e-006
  -4.64981	1.51382e-006
  -4.61089	2.04957e-006
  -4.57198	2.73794e-006
  -4.53307	3.62871e-006
  -4.49416	4.74408e-006
  -4.45525	6.16405e-006
  -4.41634	7.97773e-006
  -4.37743	1.02402e-005
  -4.33852	1.30786e-005
  -4.29961	1.66901e-005
   -4.2607	2.1166e-005
  -4.22179	2.6696e-005
  -4.18288	3.36937e-005
  -4.14397	4.23594e-005
  -4.10506	5.31549e-005
  -4.06615	6.64587e-005
  -4.02724	8.27357e-005
  -3.98833	0.000102968
  -3.94942	0.000127686
  -3.91051	0.000157923
   -3.8716	0.000194811
  -3.83268	0.00023983
  -3.79377	0.00029443
  -3.75486	0.000360661
  -3.71595	0.000440795
  -3.67704	0.000536883
  -3.63813	0.000652381
  -3.59922	0.000790924
  -3.56031	0.000956457
   -3.5214	0.00115314
  -3.48249	0.00138766
  -3.44358	0.0016651
  -3.40467	0.00199107
  -3.36576	0.00237449
  -3.32685	0.00282264
  -3.28794	0.00334522
  -3.24903	0.0039524
  -3.21012	0.00465556
  -3.17121	0.00546698
   -3.1323	0.00639901
  -3.09339	0.00746932
  -3.05447	0.00868989
  -3.01556	0.0100761
  -2.97665	0.0116468
  -2.93774	0.0134181
  -2.89883	0.0154046
  -2.85992	0.0176286
  -2.82101	0.0201084
   -2.7821	0.022859
  -2.74319	0.0258988
  -2.70428	0.0292389
  -2.66537	0.0329011
  -2.62646	0.0368959
  -2.58755	0.0412369
  -2.54864	0.0459324
  -2.50973	0.0509944
  -2.47082	0.0564202
  -2.43191	0.0622164
    -2.393	0.0683788
  -2.35409	0.074909
  -2.31518	0.0818006
  -2.27626	0.0890372
  -2.23735	0.0966073
  -2.19844	0.104496
  -2.15953	0.11268
  -2.12062	0.121129
  -2.08171	0.129839
   -2.0428	0.13877
  -2.00389	0.147897
  -1.96498	0.157182
  -1.92607	0.166582
  -1.88716	0.176084
  -1.84825	0.185636
  -1.80934	0.195203
  -1.77043	0.204741
  -1.73152	0.214215
  -1.69261	0.223587
   -1.6537	0.232815
  -1.61479	0.241861
  -1.57588	0.250672
  -1.53696	0.259201
  -1.49805	0.267431
  -1.45914	0.27529
  -1.42023	0.282746
  -1.38132	0.289728
  -1.34241	0.2962
   -1.3035	0.302112
  -1.26459	0.307405
  -1.22568	0.312022
  -1.18677	0.315899
  -1.14786	0.318968
  -1.10895	0.321168
  -1.07004	0.322418
  -1.03113	0.322654
 -0.992218	0.321783
 -0.953307	0.319735
 -0.914397	0.316438
 -0.875486	0.311805
 -0.836576	0.305763
 -0.797665	0.29826
 -0.758755	0.289231
 -0.719844	0.278633
 -0.680934	0.266458
 -0.642023	0.252708
 -0.603113	0.237437
 -0.564202	0.220724
 -0.525292	0.202696
 -0.486381	0.183549
 -0.447471	0.163516
  -0.40856	0.142912
  -0.36965	0.122081
 -0.330739	0.101449
 -0.291829	0.0814718
 -0.252918	0.0626481
 -0.214008	0.0454877
 -0.175097	0.0304749
 -0.136187	0.018072
-0.0972763	0.00868129
-0.0583658	0.0026141
-0.0194553	7.90264e-005
 0.0194553	0.00116624
 0.0583658	0.00583986
 0.0972763	0.0139437
  0.136187	0.0252059
  0.175097	0.0392584
  0.214008	0.055674
  0.252918	0.0739665
  0.291829	0.0936304
  0.330739	0.114164
   0.36965	0.135087
   0.40856	0.155972
  0.447471	0.176425
  0.486381	0.196126
  0.525292	0.214797
  0.564202	0.232232
  0.603113	0.24828
  0.642023	0.262833
  0.680934	0.275834
  0.719844	0.287254
  0.758755	0.297092
  0.797665	0.305399
  0.836576	0.312205
  0.875486	0.317573
  0.914397	0.321578
  0.953307	0.324299
  0.992218	0.325796
   1.03113	0.326163
   1.07004	0.325469
   1.10895	0.323794
   1.14786	0.321212
   1.18677	0.317787
   1.22568	0.313592
   1.26459	0.308686
    1.3035	0.303137
   1.34241	0.296994
   1.38132	0.290295
   1.42023	0.283112
   1.45914	0.275476
   1.49805	0.267467
   1.53696	0.259102
   1.57588	0.250428
   1.61479	0.241496
    1.6537	0.232351
   1.69261	0.223032
   1.73152	0.21358
   1.77043	0.204028
   1.80934	0.194424
   1.84825	0.184796
   1.88716	0.175207
   1.92607	0.165669
   1.96498	0.156224
   2.00389	0.146915
    2.0428	0.13777
   2.08171	0.128837
   2.12062	0.120125
   2.15953	0.111666
   2.19844	0.10349
   2.23735	0.0956152
   2.27626	0.0880584
   2.31518	0.0808456
   2.35409	0.0739862
     2.393	0.0674884
   2.43191	0.0613579
   2.47082	0.0555953
   2.50973	0.0502085
   2.54864	0.0451902
   2.58755	0.0405368
   2.62646	0.0362386
   2.66537	0.0322899
   2.70428	0.0286683
   2.74319	0.0253672
    2.7821	0.022367
   2.82101	0.0196569
   2.85992	0.0172184
   2.89883	0.0150291
   2.93774	0.0130736
   2.97665	0.0113356
   3.01556	0.00979499
   3.05447	0.00843433
   3.09339	0.00724095
    3.1323	0.00619612
   3.17121	0.00528498
   3.21012	0.0044943
   3.24903	0.00380972
   3.28794	0.00321946
   3.32685	0.00271183
   3.36576	0.00227786
   3.40467	0.00190659
   3.44358	0.00159063
   3.48249	0.00132396
    3.5214	0.00109858
   3.56031	0.000908952
   3.59922	0.000750403
   3.63813	0.000617956
   3.67704	0.000507188
   3.71595	0.000415332
   3.75486	0.000339283
   3.79377	0.000276611
   3.83268	0.000224934
    3.8716	0.00018257
   3.91051	0.000147804
   3.94942	0.000119343
   3.98833	9.62418e-005
   4.02724	7.74633e-005
   4.06615	6.21217e-005
   4.10506	4.97644e-005
   4.14397	3.97053e-005
   4.18288	3.16901e-005
   4.22179	2.52201e-005
    4.2607	1.99757e-005
   4.29961	1.58098e-005
   4.33852	1.24733e-005
   4.37743	9.80125e-006
   4.41634	7.65532e-006
   4.45525	5.9606e-006
   4.49416	4.58965e-006
   4.53307	3.51564e-006
   4.57198	2.68296e-006
   4.61089	2.01541e-006
   4.64981	1.48255e-006
   4.68872	1.07021e-006
   4.72763	7.51361e-007
   4.76654	4.85201e-007
   4.80545	3.02021e-007
   4.84436	1.75589e-007
   4.88327	8.68285e-008
   4.92218	3.57667e-008
