        -5	1.34768e-008
  -4.96109	3.49848e-008
  -4.92218	7.92523e-008
  -4.88327	1.54667e-007
  -4.84436	2.55516e-007
  -4.80545	4.01705e-007
  -4.76654	6.01017e-007
  -4.72763	8.57948e-007
  -4.68872	1.19923e-006
  -4.64981	1.6028e-006
  -4.61089	2.11976e-006
  -4.57198	2.82209e-006
  -4.53307	3.71566e-006
  -4.49416	4.78474e-006
  -4.45525	6.18916e-006
  -4.41634	8.01986e-006
  -4.37743	1.02826e-005
  -4.33852	1.30624e-005
  -4.29961	1.66943e-005
   -4.2607	2.11631e-005
  -4.22179	2.69165e-005
  -4.18288	3.40482e-005
  -4.14397	4.29365e-005
  -4.10506	5.39838e-005
  -4.06615	6.75929e-005
  -4.02724	8.44567e-005
  -3.98833	0.000105159
  -3.94942	0.000130645
  -3.91051	0.000161915
   -3.8716	0.000200159
  -3.83268	0.000247094
  -3.79377	0.00030406
  -3.75486	0.000373461
  -3.71595	0.000456928
  -3.67704	0.000557229
  -3.63813	0.000677957
  -3.59922	0.000822686
  -3.56031	0.000995305
   -3.5214	0.0012008
  -3.48249	0.0014439
  -3.44358	0.00173171
  -3.40467	0.00207021
  -3.36576	0.00246768
  -3.32685	0.00293349
  -3.28794	0.00347505
  -3.24903	0.00410307
  -3.21012	0.00483019
  -3.17121	0.00566658
   -3.1323	0.00662887
  -3.09339	0.00772775
  -3.05447	0.0089816
  -3.01556	0.0104034
  -2.97665	0.012012
  -2.93774	0.0138231
  -2.89883	0.0158542
  -2.85992	0.0181236
  -2.82101	0.0206456
   -2.7821	0.0234411
  -2.74319	0.0265242
  -2.70428	0.0299144
  -2.66537	0.0336281
  -2.62646	0.0376729
  -2.58755	0.042059
  -2.54864	0.0468032
  -2.50973	0.0519088
  -2.47082	0.0573789
  -2.43191	0.0632138
    -2.393	0.0694228
  -2.35409	0.0759915
  -2.31518	0.0829085
  -2.27626	0.0901752
  -2.23735	0.0977696
  -2.19844	0.105681
  -2.15953	0.113889
  -2.12062	0.122364
  -2.08171	0.131086
   -2.0428	0.14002
  -2.00389	0.149143
  -1.96498	0.158418
  -1.92607	0.16782
  -1.88716	0.177306
  -1.84825	0.18685
  -1.80934	0.196397
  -1.77043	0.205923
  -1.73152	0.215367
  -1.69261	0.224707
   -1.6537	0.233902
  -1.61479	0.242902
  -1.57588	0.251664
  -1.53696	0.260143
  -1.49805	0.268296
  -1.45914	0.276081
  -1.42023	0.283446
  -1.38132	0.290345
  -1.34241	0.296734
   -1.3035	0.302528
  -1.26459	0.30771
  -1.22568	0.312195
  -1.18677	0.315938
  -1.14786	0.318862
  -1.10895	0.320898
  -1.07004	0.321971
  -1.03113	0.322007
 -0.992218	0.320929
 -0.953307	0.318661
 -0.914397	0.315127
 -0.875486	0.310248
 -0.836576	0.303956
 -0.797665	0.296178
 -0.758755	0.286864
 -0.719844	0.275985
 -0.680934	0.263522
 -0.642023	0.249514
 -0.603113	0.233983
 -0.564202	0.217022
 -0.525292	0.198788
 -0.486381	0.179481
 -0.447471	0.159333
  -0.40856	0.138664
  -0.36965	0.117864
 -0.330739	0.0973457
 -0.291829	0.0775778
 -0.252918	0.0590606
 -0.214008	0.042293
 -0.175097	0.027774
 -0.136187	0.0159494
-0.0972763	0.00720467
-0.0583658	0.00183292
-0.0194553	1.9085e-005
 0.0194553	0.00182843
 0.0583658	0.00720181
 0.0972763	0.0159593
  0.136187	0.0278124
  0.175097	0.0423829
  0.214008	0.0592198
  0.252918	0.0778349
  0.291829	0.0977221
  0.330739	0.118383
   0.36965	0.139359
   0.40856	0.160211
  0.447471	0.180552
  0.486381	0.200083
  0.525292	0.218549
  0.564202	0.235737
  0.603113	0.251496
  0.642023	0.265764
  0.680934	0.278461
  0.719844	0.289584
  0.758755	0.299137
  0.797665	0.307148
  0.836576	0.313678
  0.875486	0.318785
  0.914397	0.322545
  0.953307	0.325031
  0.992218	0.326319
   1.03113	0.326487
   1.07004	0.325607
   1.10895	0.323757
   1.14786	0.321006
   1.18677	0.317437
   1.22568	0.3131
   1.26459	0.308079
    1.3035	0.302399
   1.34241	0.296137
   1.38132	0.289345
   1.42023	0.282079
   1.45914	0.274381
   1.49805	0.266298
   1.53696	0.257874
   1.57588	0.249159
   1.61479	0.240182
    1.6537	0.231002
   1.69261	0.221663
   1.73152	0.212181
   1.77043	0.202623
   1.80934	0.193004
   1.84825	0.183388
   1.88716	0.173798
   1.92607	0.164283
   1.96498	0.154869
   2.00389	0.145599
    2.0428	0.136495
   2.08171	0.127596
   2.12062	0.118925
   2.15953	0.110515
   2.19844	0.102393
   2.23735	0.0945762
   2.27626	0.0870882
   2.31518	0.0799358
   2.35409	0.0731306
     2.393	0.0666945
   2.43191	0.0606267
   2.47082	0.0549265
   2.50973	0.0495954
   2.54864	0.0446363
   2.58755	0.0400374
   2.62646	0.0357859
   2.66537	0.0318814
   2.70428	0.0283079
   2.74319	0.0250493
    2.7821	0.0220935
   2.82101	0.0194179
   2.85992	0.0170105
   2.89883	0.0148501
   2.93774	0.0129212
   2.97665	0.0112056
   3.01556	0.00968511
   3.05447	0.00834452
   3.09339	0.00716527
    3.1323	0.0061345
   3.17121	0.00523461
   3.21012	0.00445328
   3.24903	0.00377599
   3.28794	0.00319058
   3.32685	0.00268759
   3.36576	0.00225754
   3.40467	0.00188999
   3.44358	0.00157758
   3.48249	0.00131242
    3.5214	0.00108879
   3.56031	0.000900296
   3.59922	0.000742052
   3.63813	0.000610319
   3.67704	0.00050029
   3.71595	0.000408481
   3.75486	0.00033275
   3.79377	0.00026991
   3.83268	0.000218584
    3.8716	0.000176395
   3.91051	0.000142066
   3.94942	0.0001141
   3.98833	9.13854e-005
   4.02724	7.30137e-005
   4.06615	5.81128e-005
   4.10506	4.60935e-005
   4.14397	3.64036e-005
   4.18288	2.85967e-005
   4.22179	2.24623e-005
    4.2607	1.75596e-005
   4.29961	1.37511e-005
   4.33852	1.07071e-005
   4.37743	8.24249e-006
   4.41634	6.33606e-006
   4.45525	4.90781e-006
   4.49416	3.73001e-006
   4.53307	2.79428e-006
   4.57198	2.10035e-006
   4.61089	1.57396e-006
   4.64981	1.13263e-006
   4.68872	8.12279e-007
   4.72763	5.44421e-007
   4.76654	3.54444e-007
   4.80545	2.1413e-007
   4.84436	1.15221e-007
   4.88327	5.31574e-008
   4.92218	1.9175e-008
