        -5	2.3908e-008
  -4.96109	1.99363e-009
  -4.92218	7.027e-009
  -4.88327	3.80152e-008
  -4.84436	9.30985e-008
  -4.80545	1.789e-007
  -4.76654	2.97856e-007
  -4.72763	4.43546e-007
  -4.68872	6.60132e-007
  -4.64981	9.31757e-007
  -4.61089	1.29814e-006
  -4.57198	1.75258e-006
  -4.53307	2.31406e-006
  -4.49416	3.06778e-006
  -4.45525	4.0183e-006
  -4.41634	5.23903e-006
  -4.37743	6.79397e-006
  -4.33852	8.76378e-006
  -4.29961	1.1327e-005
   -4.2607	1.45512e-005
  -4.22179	1.86042e-005
  -4.18288	2.36564e-005
  -4.14397	3.00177e-005
  -4.10506	3.78536e-005
  -4.06615	4.78187e-005
  -4.02724	5.99307e-005
  -3.98833	7.51203e-005
  -3.94942	9.38956e-005
  -3.91051	0.000117036
   -3.8716	0.000145556
  -3.83268	0.000180377
  -3.79377	0.000223036
  -3.75486	0.000275396
  -3.71595	0.000338672
  -3.67704	0.000415492
  -3.63813	0.000508346
  -3.59922	0.000620566
  -3.56031	0.000754941
   -3.5214	0.000916024
  -3.48249	0.00110807
  -3.44358	0.00133612
  -3.40467	0.00160556
  -3.36576	0.00192493
  -3.32685	0.00230025
  -3.28794	0.00274018
  -3.24903	0.00325414
  -3.21012	0.00385157
  -3.17121	0.00454444
   -3.1323	0.00534541
  -3.09339	0.00626808
  -3.05447	0.00732689
  -3.01556	0.0085365
  -2.97665	0.00991039
  -2.93774	0.011468
  -2.89883	0.0132282
  -2.85992	0.0152038
  -2.82101	0.0174142
   -2.7821	0.0198808
  -2.74319	0.0226196
  -2.70428	0.0256431
  -2.66537	0.0289758
  -2.62646	0.0326282
  -2.58755	0.0366169
  -2.54864	0.0409523
  -2.50973	0.0456384
  -2.47082	0.0506907
  -2.43191	0.0561086
    -2.393	0.061906
  -2.35409	0.0680734
  -2.31518	0.0746062
  -2.27626	0.0815018
  -2.23735	0.0887468
  -2.19844	0.0963316
  -2.15953	0.104235
  -2.12062	0.112439
  -2.08171	0.120923
   -2.0428	0.129664
  -2.00389	0.138632
  -1.96498	0.147804
  -1.92607	0.157131
  -1.88716	0.16659
  -1.84825	0.176147
  -1.80934	0.185762
  -1.77043	0.195401
  -1.73152	0.205027
  -1.69261	0.214591
   -1.6537	0.224058
  -1.61479	0.233383
  -1.57588	0.242536
  -1.53696	0.251478
  -1.49805	0.260164
  -1.45914	0.268532
  -1.42023	0.276572
  -1.38132	0.284219
  -1.34241	0.291421
   -1.3035	0.298126
  -1.26459	0.304302
  -1.22568	0.309871
  -1.18677	0.314799
  -1.14786	0.319007
  -1.10895	0.322442
  -1.07004	0.32505
  -1.03113	0.326734
 -0.992218	0.327449
 -0.953307	0.32709
 -0.914397	0.325604
 -0.875486	0.322902
 -0.836576	0.318904
 -0.797665	0.313518
 -0.758755	0.306709
 -0.719844	0.298391
 -0.680934	0.288516
 -0.642023	0.277059
 -0.603113	0.264029
 -0.564202	0.249424
 -0.525292	0.233317
 -0.486381	0.215819
 -0.447471	0.197071
  -0.40856	0.177297
  -0.36965	0.156746
 -0.330739	0.13576
 -0.291829	0.11473
 -0.252918	0.094092
 -0.214008	0.0743355
 -0.175097	0.0559494
 -0.136187	0.0394506
-0.0972763	0.0253248
-0.0583658	0.0140082
-0.0194553	0.00586388
 0.0194553	0.00116725
 0.0583658	7.36133e-005
 0.0972763	0.00261761
  0.136187	0.00870959
  0.175097	0.0181341
  0.214008	0.0305812
  0.252918	0.0456441
  0.291829	0.0628622
  0.330739	0.0817355
   0.36965	0.101746
   0.40856	0.122411
  0.447471	0.143257
  0.486381	0.163879
  0.525292	0.183906
  0.564202	0.203027
  0.603113	0.221019
  0.642023	0.237692
  0.680934	0.252907
  0.719844	0.26658
  0.758755	0.278691
  0.797665	0.289206
  0.836576	0.298147
  0.875486	0.30556
  0.914397	0.311508
  0.953307	0.316035
  0.992218	0.319245
   1.03113	0.321183
   1.07004	0.321966
   1.10895	0.321648
   1.14786	0.320309
   1.18677	0.318031
   1.22568	0.314875
   1.26459	0.310927
    1.3035	0.306238
   1.34241	0.300865
   1.38132	0.294872
   1.42023	0.28834
   1.45914	0.281285
   1.49805	0.273779
   1.53696	0.265875
   1.57588	0.25762
   1.61479	0.249047
    1.6537	0.240215
   1.69261	0.231143
   1.73152	0.221898
   1.77043	0.212509
   1.80934	0.203024
   1.84825	0.193484
   1.88716	0.183926
   1.92607	0.174381
   1.96498	0.164894
   2.00389	0.155506
    2.0428	0.14625
   2.08171	0.137161
   2.12062	0.128266
   2.15953	0.119597
   2.19844	0.111183
   2.23735	0.103044
   2.27626	0.0952084
   2.31518	0.0876905
   2.35409	0.0805055
     2.393	0.0736798
   2.43191	0.0672105
   2.47082	0.0611109
   2.50973	0.0553752
   2.54864	0.0500078
   2.58755	0.04501
   2.62646	0.0403737
   2.66537	0.0360965
   2.70428	0.0321586
   2.74319	0.0285525
    2.7821	0.0252673
   2.82101	0.0222845
   2.85992	0.0195835
   2.89883	0.0171534
   2.93774	0.0149756
   2.97665	0.0130279
   3.01556	0.0112949
   3.05447	0.00976071
   3.09339	0.00840649
    3.1323	0.00721808
   3.17121	0.00617756
   3.21012	0.00527007
   3.24903	0.00448169
   3.28794	0.00379878
   3.32685	0.0032096
   3.36576	0.00270443
   3.40467	0.00227184
   3.44358	0.00190219
   3.48249	0.00158768
    3.5214	0.00132142
   3.56031	0.00109628
   3.59922	0.000906937
   3.63813	0.000748112
   3.67704	0.000615691
   3.71595	0.000504701
   3.75486	0.000412887
   3.79377	0.000336932
   3.83268	0.000273977
    3.8716	0.000222315
   3.91051	0.000179839
   3.94942	0.000145181
   3.98833	0.000117064
   4.02724	9.39096e-005
   4.06615	7.52958e-005
   4.10506	6.01261e-005
   4.14397	4.79634e-005
   4.18288	3.8075e-005
   4.22179	3.01059e-005
    4.2607	2.36767e-005
   4.29961	1.86302e-005
   4.33852	1.4571e-005
   4.37743	1.13674e-005
   4.41634	8.85057e-006
   4.45525	6.83223e-006
   4.49416	5.29766e-006
   4.53307	4.06416e-006
   4.57198	3.07057e-006
   4.61089	2.30886e-006
   4.64981	1.69885e-006
   4.68872	1.2636e-006
   4.72763	9.10977e-007
   4.76654	6.38772e-007
   4.80545	4.31312e-007
   4.84436	2.70532e-007
   4.88327	1.59868e-007
   4.92218	7.68026e-008
