        -5	4.41854e-008
  -4.96109	2.0207e-008
  -4.92218	1.59527e-008
  -4.88327	3.4994e-008
  -4.84436	8.19626e-008
  -4.80545	1.55429e-007
  -4.76654	2.6279e-007
  -4.72763	4.28966e-007
  -4.68872	6.60894e-007
  -4.64981	9.53165e-007
  -4.61089	1.32686e-006
  -4.57198	1.83162e-006
  -4.53307	2.47163e-006
  -4.49416	3.29914e-006
  -4.45525	4.33671e-006
  -4.41634	5.75532e-006
  -4.37743	7.48198e-006
  -4.33852	9.67758e-006
  -4.29961	1.24501e-005
   -4.2607	1.59922e-005
  -4.22179	2.03611e-005
  -4.18288	2.59166e-005
  -4.14397	3.29476e-005
  -4.10506	4.18529e-005
  -4.06615	5.28183e-005
  -4.02724	6.63811e-005
  -3.98833	8.32812e-005
  -3.94942	0.000104083
  -3.91051	0.000129866
   -3.8716	0.000161402
  -3.83268	0.000199665
  -3.79377	0.000246459
  -3.75486	0.000303759
  -3.71595	0.000373064
  -3.67704	0.000456928
  -3.63813	0.000557852
  -3.59922	0.000679247
  -3.56031	0.000825168
   -3.5214	0.000999106
  -3.48249	0.00120664
  -3.44358	0.00145156
  -3.40467	0.00174159
  -3.36576	0.00208296
  -3.32685	0.00248308
  -3.28794	0.00295238
  -3.24903	0.0034994
  -3.21012	0.00413558
  -3.17121	0.00487032
   -3.1323	0.00571698
  -3.09339	0.00668982
  -3.05447	0.00780161
  -3.01556	0.0090703
  -2.97665	0.0105089
  -2.93774	0.0121338
  -2.89883	0.0139665
  -2.85992	0.0160212
  -2.82101	0.0183154
   -2.7821	0.0208697
  -2.74319	0.0236989
  -2.70428	0.0268192
  -2.66537	0.0302521
  -2.62646	0.034007
  -2.58755	0.0380953
  -2.54864	0.0425356
  -2.50973	0.0473304
  -2.47082	0.052491
  -2.43191	0.0580203
    -2.393	0.0639127
  -2.35409	0.0701718
  -2.31518	0.0767923
  -2.27626	0.0837748
  -2.23735	0.091098
  -2.19844	0.0987509
  -2.15953	0.106721
  -2.12062	0.114975
  -2.08171	0.123496
   -2.0428	0.132255
  -2.00389	0.141236
  -1.96498	0.150403
  -1.92607	0.159719
  -1.88716	0.169159
  -1.84825	0.178676
  -1.80934	0.188246
  -1.77043	0.197836
  -1.73152	0.207389
  -1.69261	0.216874
   -1.6537	0.226259
  -1.61479	0.235491
  -1.57588	0.244539
  -1.53696	0.25336
  -1.49805	0.261894
  -1.45914	0.270113
  -1.42023	0.277983
  -1.38132	0.285442
  -1.34241	0.292446
   -1.3035	0.298946
  -1.26459	0.304888
  -1.22568	0.310232
  -1.18677	0.314893
  -1.14786	0.318843
  -1.10895	0.321985
  -1.07004	0.324268
  -1.03113	0.325619
 -0.992218	0.325961
 -0.953307	0.325232
 -0.914397	0.32333
 -0.875486	0.320193
 -0.836576	0.31575
 -0.797665	0.309911
 -0.758755	0.302617
 -0.719844	0.293817
 -0.680934	0.283461
 -0.642023	0.27152
 -0.603113	0.258004
 -0.564202	0.242947
 -0.525292	0.226431
 -0.486381	0.208574
 -0.447471	0.189538
  -0.40856	0.169561
  -0.36965	0.14893
 -0.330739	0.127995
 -0.291829	0.107151
 -0.252918	0.086869
 -0.214008	0.0676122
 -0.175097	0.0499055
 -0.136187	0.0342361
-0.0972763	0.0210813
-0.0583658	0.0108547
-0.0194553	0.00388971
 0.0194553	0.000417893
 0.0583658	0.000556924
 0.0972763	0.00430119
  0.136187	0.0115178
  0.175097	0.0219656
  0.214008	0.0352905
  0.252918	0.0510808
  0.291829	0.0688533
  0.330739	0.0881095
   0.36965	0.108348
   0.40856	0.129085
  0.447471	0.149865
  0.486381	0.170298
  0.525292	0.190045
  0.564202	0.208819
  0.603113	0.226399
  0.642023	0.242614
  0.680934	0.257347
  0.719844	0.270543
  0.758755	0.28216
  0.797665	0.292198
  0.836576	0.30069
  0.875486	0.307683
  0.914397	0.313213
  0.953307	0.317375
  0.992218	0.32023
   1.03113	0.321856
   1.07004	0.322337
   1.10895	0.321732
   1.14786	0.320148
   1.18677	0.317627
   1.22568	0.314265
   1.26459	0.310121
    1.3035	0.30526
   1.34241	0.299741
   1.38132	0.29362
   1.42023	0.286966
   1.45914	0.279829
   1.49805	0.272237
   1.53696	0.264253
   1.57588	0.25593
   1.61479	0.247301
    1.6537	0.238423
   1.69261	0.229331
   1.73152	0.220058
   1.77043	0.210663
   1.80934	0.201189
   1.84825	0.191659
   1.88716	0.182126
   1.92607	0.172618
   1.96498	0.16318
   2.00389	0.153852
    2.0428	0.144659
   2.08171	0.135637
   2.12062	0.126805
   2.15953	0.118208
   2.19844	0.109867
   2.23735	0.101802
   2.27626	0.0940484
   2.31518	0.0866152
   2.35409	0.0795209
     2.393	0.0727683
   2.43191	0.0663734
   2.47082	0.0603442
   2.50973	0.0546792
   2.54864	0.0493853
   2.58755	0.0444518
   2.62646	0.039874
   2.66537	0.0356514
   2.70428	0.0317677
   2.74319	0.0282096
    2.7821	0.0249676
   2.82101	0.022022
   2.85992	0.0193581
   2.89883	0.0169621
   2.93774	0.0148123
   2.97665	0.0128893
   3.01556	0.0111807
   3.05447	0.00966553
   3.09339	0.008329
    3.1323	0.00715352
   3.17121	0.00612255
   3.21012	0.00522376
   3.24903	0.00444193
   3.28794	0.00376673
   3.32685	0.00318384
   3.36576	0.00268272
   3.40467	0.00225423
   3.44358	0.00188725
   3.48249	0.00157576
    3.5214	0.00131117
   3.56031	0.00108801
   3.59922	0.000900398
   3.63813	0.00074283
   3.67704	0.000611027
   3.71595	0.000500969
   3.75486	0.000409911
   3.79377	0.000334718
   3.83268	0.000272369
    3.8716	0.000220775
   3.91051	0.000178606
   3.94942	0.000144018
   3.98833	0.000115919
   4.02724	9.2963e-005
   4.06615	7.41938e-005
   4.10506	5.90643e-005
   4.14397	4.69218e-005
   4.18288	3.72988e-005
   4.22179	2.94695e-005
    4.2607	2.32769e-005
   4.29961	1.83332e-005
   4.33852	1.43955e-005
   4.37743	1.11662e-005
   4.41634	8.70107e-006
   4.45525	6.75985e-006
   4.49416	5.22643e-006
   4.53307	4.00799e-006
   4.57198	3.08099e-006
   4.61089	2.33447e-006
   4.64981	1.73061e-006
   4.68872	1.25264e-006
   4.72763	9.028e-007
   4.76654	6.41232e-007
   4.80545	4.31724e-007
   4.84436	2.83791e-007
   4.88327	1.65578e-007
   4.92218	8.97954e-008
