        -5	2.84274e-008
  -4.96109	2.70058e-008
  -4.92218	3.7197e-008
  -4.88327	9.09952e-008
  -4.84436	1.75615e-007
  -4.80545	3.0345e-007
  -4.76654	4.81716e-007
  -4.72763	7.16867e-007
  -4.68872	1.03202e-006
  -4.64981	1.43282e-006
  -4.61089	1.96121e-006
  -4.57198	2.62557e-006
  -4.53307	3.49268e-006
  -4.49416	4.57872e-006
  -4.45525	5.98403e-006
  -4.41634	7.74044e-006
  -4.37743	9.99421e-006
  -4.33852	1.28047e-005
  -4.29961	1.63816e-005
   -4.2607	2.08293e-005
  -4.22179	2.64451e-005
  -4.18288	3.34042e-005
  -4.14397	4.21251e-005
  -4.10506	5.28899e-005
  -4.06615	6.62843e-005
  -4.02724	8.27482e-005
  -3.98833	0.000103096
  -3.94942	0.000127994
  -3.91051	0.000158566
   -3.8716	0.000195799
  -3.83268	0.000241229
  -3.79377	0.000296281
  -3.75486	0.000363037
  -3.71595	0.000443512
  -3.67704	0.000540487
  -3.63813	0.000656754
  -3.59922	0.000795978
  -3.56031	0.000961944
   -3.5214	0.0011594
  -3.48249	0.00139338
  -3.44358	0.00166993
  -3.40467	0.00199558
  -3.36576	0.00237786
  -3.32685	0.00282509
  -3.28794	0.00334645
  -3.24903	0.00395225
  -3.21012	0.00465343
  -3.17121	0.00546246
   -3.1323	0.00639199
  -3.09339	0.00745673
  -3.05447	0.00867086
  -3.01556	0.0100512
  -2.97665	0.0116131
  -2.93774	0.0133753
  -2.89883	0.0153533
  -2.85992	0.0175675
  -2.82101	0.0200328
   -2.7821	0.0227702
  -2.74319	0.0257929
  -2.70428	0.0291212
  -2.66537	0.0327661
  -2.62646	0.0367413
  -2.58755	0.0410698
  -2.54864	0.0457425
  -2.50973	0.0507679
  -2.47082	0.0561609
  -2.43191	0.0619368
    -2.393	0.0680709
  -2.35409	0.0745694
  -2.31518	0.0814301
  -2.27626	0.0886336
  -2.23735	0.0961766
  -2.19844	0.104032
  -2.15953	0.112191
  -2.12062	0.120621
  -2.08171	0.129305
   -2.0428	0.138207
  -2.00389	0.147306
  -1.96498	0.15656
  -1.92607	0.165945
  -1.88716	0.175416
  -1.84825	0.184945
  -1.80934	0.194488
  -1.77043	0.204011
  -1.73152	0.213472
  -1.69261	0.222832
   -1.6537	0.23205
  -1.61479	0.241085
  -1.57588	0.249896
  -1.53696	0.258438
  -1.49805	0.26667
  -1.45914	0.274544
  -1.42023	0.282017
  -1.38132	0.289037
  -1.34241	0.295559
   -1.3035	0.301523
  -1.26459	0.306883
  -1.22568	0.311572
  -1.18677	0.315538
  -1.14786	0.318707
  -1.10895	0.321021
  -1.07004	0.322399
  -1.03113	0.322776
 -0.992218	0.322068
 -0.953307	0.320204
 -0.914397	0.317098
 -0.875486	0.312681
 -0.836576	0.306872
 -0.797665	0.299612
 -0.758755	0.290838
 -0.719844	0.280513
 -0.680934	0.268614
 -0.642023	0.255147
 -0.603113	0.240148
 -0.564202	0.223694
 -0.525292	0.205908
 -0.486381	0.186963
 -0.447471	0.167092
  -0.40856	0.146584
  -0.36965	0.125791
 -0.330739	0.105116
 -0.291829	0.0850147
 -0.252918	0.065971
 -0.214008	0.048489
 -0.175097	0.0330668
 -0.136187	0.020165
-0.0972763	0.0102063
-0.0583658	0.00351186
-0.0194553	0.000309174
 0.0194553	0.000712853
 0.0583658	0.00470838
 0.0972763	0.0121655
  0.136187	0.0228282
  0.175097	0.0363531
  0.214008	0.0523149
  0.252918	0.0702382
  0.291829	0.0896244
  0.330739	0.109969
   0.36965	0.130795
   0.40856	0.151652
  0.447471	0.172151
  0.486381	0.191948
  0.525292	0.210769
  0.564202	0.22839
  0.603113	0.244651
  0.642023	0.259437
  0.680934	0.272681
  0.719844	0.284353
  0.758755	0.294453
  0.797665	0.303008
  0.836576	0.31006
  0.875486	0.315672
  0.914397	0.319905
  0.953307	0.32284
  0.992218	0.324547
   1.03113	0.325112
   1.07004	0.324604
   1.10895	0.323108
   1.14786	0.320687
   1.18677	0.317421
   1.22568	0.313368
   1.26459	0.3086
    1.3035	0.303168
   1.34241	0.297139
   1.38132	0.290559
   1.42023	0.283486
   1.45914	0.275964
   1.49805	0.268046
   1.53696	0.259774
   1.57588	0.251195
   1.61479	0.242351
    1.6537	0.233284
   1.69261	0.224037
   1.73152	0.214648
   1.77043	0.205161
   1.80934	0.195612
   1.84825	0.186043
   1.88716	0.176488
   1.92607	0.16699
   1.96498	0.157577
   2.00389	0.148293
    2.0428	0.139163
   2.08171	0.130228
   2.12062	0.121507
   2.15953	0.11304
   2.19844	0.104841
   2.23735	0.0969446
   2.27626	0.089359
   2.31518	0.0821114
   2.35409	0.0752126
     2.393	0.06866
   2.43191	0.0624835
   2.47082	0.0566838
   2.50973	0.0512461
   2.54864	0.0461648
   2.58755	0.0414567
   2.62646	0.037101
   2.66537	0.0330888
   2.70428	0.0294124
   2.74319	0.0260538
    2.7821	0.0230026
   2.82101	0.0202387
   2.85992	0.0177487
   2.89883	0.0155121
   2.93774	0.0135136
   2.97665	0.0117332
   3.01556	0.0101551
   3.05447	0.00876051
   3.09339	0.0075339
    3.1323	0.00645844
   3.17121	0.00551957
   3.21012	0.00470264
   3.24903	0.0039946
   3.28794	0.00338305
   3.32685	0.00285667
   3.36576	0.00240526
   3.40467	0.0020193
   3.44358	0.00169059
   3.48249	0.00141133
    3.5214	0.00117508
   3.56031	0.000975589
   3.59922	0.000807914
   3.63813	0.00066716
   3.67704	0.000549595
   3.71595	0.000451458
   3.75486	0.000369989
   3.79377	0.000302348
   3.83268	0.000246529
    3.8716	0.000200423
   3.91051	0.000162597
   3.94942	0.000131506
   3.98833	0.000106147
   4.02724	8.54017e-005
   4.06615	6.85783e-005
   4.10506	5.48783e-005
   4.14397	4.3834e-005
   4.18288	3.48792e-005
   4.22179	2.77047e-005
    4.2607	2.19116e-005
   4.29961	1.73006e-005
   4.33852	1.35918e-005
   4.37743	1.06606e-005
   4.41634	8.3109e-006
   4.45525	6.46764e-006
   4.49416	4.99411e-006
   4.53307	3.84664e-006
   4.57198	2.93105e-006
   4.61089	2.22237e-006
   4.64981	1.65796e-006
   4.68872	1.22197e-006
   4.72763	8.77741e-007
   4.76654	6.08662e-007
   4.80545	4.08044e-007
   4.84436	2.39244e-007
   4.88327	1.31362e-007
   4.92218	6.83527e-008
