        -5	2.12526e-008
  -4.96109	9.15431e-010
  -4.92218	9.40961e-009
  -4.88327	4.78686e-008
  -4.84436	1.15778e-007
  -4.80545	2.27909e-007
  -4.76654	3.68735e-007
  -4.72763	5.68708e-007
  -4.68872	8.3161e-007
  -4.64981	1.15217e-006
  -4.61089	1.58068e-006
  -4.57198	2.13703e-006
  -4.53307	2.81875e-006
  -4.49416	3.71144e-006
  -4.45525	4.8784e-006
  -4.41634	6.3136e-006
  -4.37743	8.09063e-006
  -4.33852	1.03612e-005
  -4.29961	1.32417e-005
   -4.2607	1.68426e-005
  -4.22179	2.13912e-005
  -4.18288	2.71567e-005
  -4.14397	3.4383e-005
  -4.10506	4.33205e-005
  -4.06615	5.43982e-005
  -4.02724	6.80841e-005
  -3.98833	8.4949e-005
  -3.94942	0.00010574
  -3.91051	0.000131558
   -3.8716	0.000163259
  -3.83268	0.000201878
  -3.79377	0.000248956
  -3.75486	0.000306441
  -3.71595	0.000375832
  -3.67704	0.000459934
  -3.63813	0.000561483
  -3.59922	0.000683478
  -3.56031	0.000829596
   -3.5214	0.00100477
  -3.48249	0.0012123
  -3.44358	0.00146001
  -3.40467	0.00175134
  -3.36576	0.00209631
  -3.32685	0.00249994
  -3.28794	0.00297334
  -3.24903	0.00352487
  -3.21012	0.00416509
  -3.17121	0.00490746
   -3.1323	0.00576184
  -3.09339	0.00674437
  -3.05447	0.0078693
  -3.01556	0.00914979
  -2.97665	0.0106057
  -2.93774	0.0122526
  -2.89883	0.0141061
  -2.85992	0.0161882
  -2.82101	0.0185166
   -2.7821	0.0211064
  -2.74319	0.0239762
  -2.70428	0.0271457
  -2.66537	0.0306258
  -2.62646	0.0344307
  -2.58755	0.0385772
  -2.54864	0.0430817
  -2.50973	0.0479484
  -2.47082	0.0531791
  -2.43191	0.0587775
    -2.393	0.0647525
  -2.35409	0.0711038
  -2.31518	0.0778222
  -2.27626	0.0848975
  -2.23735	0.0923212
  -2.19844	0.100075
  -2.15953	0.108136
  -2.12062	0.116491
  -2.08171	0.125117
   -2.0428	0.13398
  -2.00389	0.143057
  -1.96498	0.152319
  -1.92607	0.161722
  -1.88716	0.171244
  -1.84825	0.180838
  -1.80934	0.190472
  -1.77043	0.200106
  -1.73152	0.209701
  -1.69261	0.219212
   -1.6537	0.228607
  -1.61479	0.237834
  -1.57588	0.246858
  -1.53696	0.25564
  -1.49805	0.264117
  -1.45914	0.272277
  -1.42023	0.28004
  -1.38132	0.287382
  -1.34241	0.294251
   -1.3035	0.300586
  -1.26459	0.306336
  -1.22568	0.31146
  -1.18677	0.315876
  -1.14786	0.319533
  -1.10895	0.322378
  -1.07004	0.324334
  -1.03113	0.325315
 -0.992218	0.325255
 -0.953307	0.324079
 -0.914397	0.321702
 -0.875486	0.318044
 -0.836576	0.313041
 -0.797665	0.30662
 -0.758755	0.298717
 -0.719844	0.289274
 -0.680934	0.278261
 -0.642023	0.265657
 -0.603113	0.251477
 -0.564202	0.235782
 -0.525292	0.218673
 -0.486381	0.200278
 -0.447471	0.180798
  -0.40856	0.160493
  -0.36965	0.139674
 -0.330739	0.118713
 -0.291829	0.0980492
 -0.252918	0.0781417
 -0.214008	0.0594983
 -0.175097	0.0426224
 -0.136187	0.028005
-0.0972763	0.016098
-0.0583658	0.00728361
-0.0194553	0.00185651
 0.0194553	2.19984e-007
 0.0583658	0.0017783
 0.0972763	0.00713
  0.136187	0.0158683
  0.175097	0.0277046
  0.214008	0.0422546
  0.252918	0.0590638
  0.291829	0.0776507
  0.330739	0.0974991
   0.36965	0.118111
   0.40856	0.13902
  0.447471	0.159796
  0.486381	0.180052
  0.525292	0.199494
  0.564202	0.217855
  0.603113	0.234932
  0.642023	0.250578
  0.680934	0.264714
  0.719844	0.277277
  0.758755	0.288255
  0.797665	0.29766
  0.836576	0.305541
  0.875486	0.311936
  0.914397	0.31691
  0.953307	0.320531
  0.992218	0.322878
   1.03113	0.324019
   1.07004	0.324046
   1.10895	0.323042
   1.14786	0.321077
   1.18677	0.318211
   1.22568	0.314527
   1.26459	0.310086
    1.3035	0.304941
   1.34241	0.299165
   1.38132	0.292811
   1.42023	0.285925
   1.45914	0.278572
   1.49805	0.27079
   1.53696	0.262632
   1.57588	0.254142
   1.61479	0.245367
    1.6537	0.236346
   1.69261	0.227132
   1.73152	0.21775
   1.77043	0.208262
   1.80934	0.198692
   1.84825	0.189086
   1.88716	0.179492
   1.92607	0.16993
   1.96498	0.160455
   2.00389	0.151097
    2.0428	0.141885
   2.08171	0.13286
   2.12062	0.124055
   2.15953	0.115485
   2.19844	0.107182
   2.23735	0.0991762
   2.27626	0.0914806
   2.31518	0.0841131
   2.35409	0.0770961
     2.393	0.0704427
   2.43191	0.0641515
   2.47082	0.0582245
   2.50973	0.0526672
   2.54864	0.047486
   2.58755	0.0426734
   2.62646	0.0382178
   2.66537	0.0341083
   2.70428	0.0303375
   2.74319	0.0268915
    2.7821	0.0237542
   2.82101	0.0209128
   2.85992	0.0183512
   2.89883	0.0160484
   2.93774	0.0139875
   2.97665	0.0121521
   3.01556	0.0105216
   3.05447	0.00907976
   3.09339	0.00781107
    3.1323	0.00669624
   3.17121	0.00572334
   3.21012	0.00487528
   3.24903	0.00413985
   3.28794	0.00350462
   3.32685	0.00295668
   3.36576	0.002488
   3.40467	0.0020856
   3.44358	0.00174459
   3.48249	0.00145374
    3.5214	0.0012085
   3.56031	0.00100171
   3.59922	0.00082775
   3.63813	0.000682231
   3.67704	0.000561143
   3.71595	0.000459774
   3.75486	0.000376108
   3.79377	0.00030686
   3.83268	0.000249527
    3.8716	0.000202295
   3.91051	0.000163912
   3.94942	0.000132488
   3.98833	0.00010681
   4.02724	8.59179e-005
   4.06615	6.90105e-005
   4.10506	5.52168e-005
   4.14397	4.40095e-005
   4.18288	3.50039e-005
   4.22179	2.78207e-005
    4.2607	2.20765e-005
   4.29961	1.74974e-005
   4.33852	1.38693e-005
   4.37743	1.09368e-005
   4.41634	8.5565e-006
   4.45525	6.67278e-006
   4.49416	5.21253e-006
   4.53307	4.02594e-006
   4.57198	3.09818e-006
   4.61089	2.37273e-006
   4.64981	1.78949e-006
   4.68872	1.32085e-006
   4.72763	9.67574e-007
   4.76654	6.72341e-007
   4.80545	4.54482e-007
   4.84436	2.86048e-007
   4.88327	1.58614e-007
   4.92218	7.62407e-008
