        -5	2.75618e-008
  -4.96109	6.00376e-009
  -4.92218	8.43404e-009
  -4.88327	3.96894e-008
  -4.84436	9.78158e-008
  -4.80545	1.80885e-007
  -4.76654	3.0389e-007
  -4.72763	4.66838e-007
  -4.68872	7.1813e-007
  -4.64981	1.03899e-006
  -4.61089	1.44629e-006
  -4.57198	1.97715e-006
  -4.53307	2.63984e-006
  -4.49416	3.51805e-006
  -4.45525	4.63918e-006
  -4.41634	6.0528e-006
  -4.37743	7.89493e-006
  -4.33852	1.02647e-005
  -4.29961	1.3242e-005
   -4.2607	1.7012e-005
  -4.22179	2.17141e-005
  -4.18288	2.77488e-005
  -4.14397	3.52688e-005
  -4.10506	4.47538e-005
  -4.06615	5.64227e-005
  -4.02724	7.09347e-005
  -3.98833	8.89339e-005
  -3.94942	0.000111127
  -3.91051	0.00013866
   -3.8716	0.000172282
  -3.83268	0.00021324
  -3.79377	0.000263392
  -3.75486	0.000324451
  -3.71595	0.000397995
  -3.67704	0.000487217
  -3.63813	0.00059459
  -3.59922	0.000724289
  -3.56031	0.000879315
   -3.5214	0.00106379
  -3.48249	0.00128324
  -3.44358	0.00154249
  -3.40467	0.00185042
  -3.36576	0.00221178
  -3.32685	0.0026356
  -3.28794	0.00313054
  -3.24903	0.00370724
  -3.21012	0.00437486
  -3.17121	0.00514744
   -3.1323	0.00603736
  -3.09339	0.00705691
  -3.05447	0.0082209
  -3.01556	0.00954643
  -2.97665	0.0110491
  -2.93774	0.0127455
  -2.89883	0.0146526
  -2.85992	0.0167892
  -2.82101	0.0191699
   -2.7821	0.0218168
  -2.74319	0.0247476
  -2.70428	0.0279729
  -2.66537	0.0315131
  -2.62646	0.0353807
  -2.58755	0.0395891
  -2.54864	0.0441436
  -2.50973	0.0490641
  -2.47082	0.0543472
  -2.43191	0.059994
    -2.393	0.0660094
  -2.35409	0.0723893
  -2.31518	0.0791377
  -2.27626	0.0862386
  -2.23735	0.0936736
  -2.19844	0.101436
  -2.15953	0.109496
  -2.12062	0.117846
  -2.08171	0.126452
   -2.0428	0.13529
  -2.00389	0.14433
  -1.96498	0.153547
  -1.92607	0.162897
  -1.88716	0.172355
  -1.84825	0.181867
  -1.80934	0.191428
  -1.77043	0.200979
  -1.73152	0.210497
  -1.69261	0.219925
   -1.6537	0.229218
  -1.61479	0.238356
  -1.57588	0.247282
  -1.53696	0.255958
  -1.49805	0.264339
  -1.45914	0.272383
  -1.42023	0.28003
  -1.38132	0.287246
  -1.34241	0.293981
   -1.3035	0.300181
  -1.26459	0.305784
  -1.22568	0.310749
  -1.18677	0.315011
  -1.14786	0.318495
  -1.10895	0.321148
  -1.07004	0.322894
  -1.03113	0.323656
 -0.992218	0.32337
 -0.953307	0.321953
 -0.914397	0.319332
 -0.875486	0.315432
 -0.836576	0.310168
 -0.797665	0.303475
 -0.758755	0.295286
 -0.719844	0.285568
 -0.680934	0.27428
 -0.642023	0.26142
 -0.603113	0.247003
 -0.564202	0.231102
 -0.525292	0.21381
 -0.486381	0.195283
 -0.447471	0.175733
  -0.40856	0.155417
  -0.36965	0.134654
 -0.330739	0.113849
 -0.291829	0.0934215
 -0.252918	0.0738478
 -0.214008	0.0556283
 -0.175097	0.0392703
 -0.136187	0.0252462
-0.0972763	0.0139974
-0.0583658	0.00589041
-0.0194553	0.00119358
 0.0194553	6.7757e-005
 0.0583658	0.00255224
 0.0972763	0.00856437
  0.136187	0.0178969
  0.175097	0.030247
  0.214008	0.0452175
  0.252918	0.0623503
  0.291829	0.0811528
  0.330739	0.101132
   0.36965	0.12178
   0.40856	0.142642
  0.447471	0.163304
  0.486381	0.183404
  0.525292	0.202633
  0.564202	0.220749
  0.603113	0.23757
  0.642023	0.252954
  0.680934	0.266826
  0.719844	0.279139
  0.758755	0.289872
  0.797665	0.29905
  0.836576	0.306698
  0.875486	0.312882
  0.914397	0.317661
  0.953307	0.321116
  0.992218	0.323309
   1.03113	0.324325
   1.07004	0.324237
   1.10895	0.323129
   1.14786	0.321065
   1.18677	0.318115
   1.22568	0.314364
   1.26459	0.309862
    1.3035	0.304675
   1.34241	0.298872
   1.38132	0.292497
   1.42023	0.2856
   1.45914	0.278242
   1.49805	0.270463
   1.53696	0.262313
   1.57588	0.253835
   1.61479	0.24509
    1.6537	0.236094
   1.69261	0.2269
   1.73152	0.217554
   1.77043	0.208095
   1.80934	0.198582
   1.84825	0.189022
   1.88716	0.179472
   1.92607	0.169957
   1.96498	0.160524
   2.00389	0.151204
    2.0428	0.142036
   2.08171	0.13304
   2.12062	0.124264
   2.15953	0.11572
   2.19844	0.107447
   2.23735	0.0994536
   2.27626	0.0917717
   2.31518	0.0844257
   2.35409	0.0774222
     2.393	0.0707762
   2.43191	0.0644859
   2.47082	0.0585601
   2.50973	0.0530092
   2.54864	0.0478217
   2.58755	0.0429979
   2.62646	0.0385318
   2.66537	0.0344142
   2.70428	0.0306284
   2.74319	0.0271695
    2.7821	0.0240209
   2.82101	0.0211642
   2.85992	0.0185838
   2.89883	0.0162623
   2.93774	0.0141844
   2.97665	0.0123295
   3.01556	0.0106833
   3.05447	0.00922532
   3.09339	0.00793873
    3.1323	0.0068101
   3.17121	0.00582346
   3.21012	0.00496299
   3.24903	0.00421661
   3.28794	0.00357137
   3.32685	0.00301503
   3.36576	0.00253646
   3.40467	0.00212891
   3.44358	0.00178069
   3.48249	0.0014854
    3.5214	0.00123429
   3.56031	0.00102245
   3.59922	0.000844756
   3.63813	0.000695821
   3.67704	0.000571854
   3.71595	0.000468353
   3.75486	0.000382375
   3.79377	0.000311521
   3.83268	0.000253064
    3.8716	0.000204722
   3.91051	0.000165353
   3.94942	0.000133122
   3.98833	0.000107067
   4.02724	8.57143e-005
   4.06615	6.84318e-005
   4.10506	5.44249e-005
   4.14397	4.31766e-005
   4.18288	3.42652e-005
   4.22179	2.704e-005
    4.2607	2.1316e-005
   4.29961	1.66997e-005
   4.33852	1.30563e-005
   4.37743	1.01925e-005
   4.41634	7.95787e-006
   4.45525	6.15761e-006
   4.49416	4.78144e-006
   4.53307	3.68008e-006
   4.57198	2.82864e-006
   4.61089	2.13347e-006
   4.64981	1.56469e-006
   4.68872	1.1582e-006
   4.72763	8.36309e-007
   4.76654	5.99465e-007
   4.80545	4.10695e-007
   4.84436	2.58504e-007
   4.88327	1.55227e-007
   4.92218	7.88058e-008
