        -5	1.38025e-009
  -4.96109	6.01964e-009
  -4.92218	3.62804e-008
  -4.88327	9.55037e-008
  -4.84436	1.81341e-007
  -4.80545	3.07446e-007
  -4.76654	4.63502e-007
  -4.72763	6.84402e-007
  -4.68872	1.00253e-006
  -4.64981	1.38803e-006
  -4.61089	1.88603e-006
  -4.57198	2.53694e-006
  -4.53307	3.41065e-006
  -4.49416	4.47385e-006
  -4.45525	5.82458e-006
  -4.41634	7.54406e-006
  -4.37743	9.7186e-006
  -4.33852	1.24685e-005
  -4.29961	1.5946e-005
   -4.2607	2.03146e-005
  -4.22179	2.58112e-005
  -4.18288	3.26753e-005
  -4.14397	4.12451e-005
  -4.10506	5.18855e-005
  -4.06615	6.5032e-005
  -4.02724	8.12841e-005
  -3.98833	0.000101131
  -3.94942	0.000125412
  -3.91051	0.000155711
   -3.8716	0.0001925
  -3.83268	0.000237426
  -3.79377	0.000292376
  -3.75486	0.000358611
  -3.71595	0.000438622
  -3.67704	0.00053521
  -3.63813	0.000651464
  -3.59922	0.000790574
  -3.56031	0.000957041
   -3.5214	0.00115481
  -3.48249	0.00138984
  -3.44358	0.00166725
  -3.40467	0.0019947
  -3.36576	0.0023788
  -3.32685	0.00282923
  -3.28794	0.00335429
  -3.24903	0.00396554
  -3.21012	0.00467396
  -3.17121	0.00548869
   -3.1323	0.0064267
  -3.09339	0.0075023
  -3.05447	0.00872928
  -3.01556	0.0101221
  -2.97665	0.0116984
  -2.93774	0.0134788
  -2.89883	0.0154763
  -2.85992	0.0177117
  -2.82101	0.0202002
   -2.7821	0.0229613
  -2.74319	0.0260102
  -2.70428	0.0293645
  -2.66537	0.0330379
  -2.62646	0.0370449
  -2.58755	0.0413969
  -2.54864	0.0461027
  -2.50973	0.0511723
  -2.47082	0.056606
  -2.43191	0.0624144
    -2.393	0.0685994
  -2.35409	0.0751418
  -2.31518	0.0820442
  -2.27626	0.0892936
  -2.23735	0.0968862
  -2.19844	0.104793
  -2.15953	0.112993
  -2.12062	0.121471
  -2.08171	0.130194
   -2.0428	0.139142
  -2.00389	0.148277
  -1.96498	0.157574
  -1.92607	0.166991
  -1.88716	0.176501
  -1.84825	0.186057
  -1.80934	0.195633
  -1.77043	0.205182
  -1.73152	0.214671
  -1.69261	0.22406
   -1.6537	0.233304
  -1.61479	0.242342
  -1.57588	0.251171
  -1.53696	0.259723
  -1.49805	0.267958
  -1.45914	0.275825
  -1.42023	0.283303
  -1.38132	0.290314
  -1.34241	0.296822
   -1.3035	0.302763
  -1.26459	0.308087
  -1.22568	0.31273
  -1.18677	0.316636
  -1.14786	0.319736
  -1.10895	0.321965
  -1.07004	0.323251
  -1.03113	0.323522
 -0.992218	0.322697
 -0.953307	0.320701
 -0.914397	0.317448
 -0.875486	0.312846
 -0.836576	0.306868
 -0.797665	0.299413
 -0.758755	0.290444
 -0.719844	0.279904
 -0.680934	0.267773
 -0.642023	0.254079
 -0.603113	0.238853
 -0.564202	0.222181
 -0.525292	0.204186
 -0.486381	0.185055
 -0.447471	0.165023
  -0.40856	0.144395
  -0.36965	0.123523
 -0.330739	0.10283
 -0.291829	0.0827666
 -0.252918	0.0638329
 -0.214008	0.0465262
 -0.175097	0.0313503
 -0.136187	0.0187579
-0.0972763	0.00916321
-0.0583658	0.00288194
-0.0194553	0.000125761
 0.0194553	0.000991851
 0.0583658	0.00545209
 0.0972763	0.0133571
  0.136187	0.0244396
  0.175097	0.0383413
  0.214008	0.0546281
  0.252918	0.0728199
  0.291829	0.0924117
  0.330739	0.112904
   0.36965	0.133815
   0.40856	0.154707
  0.447471	0.175186
  0.486381	0.194924
  0.525292	0.213642
  0.564202	0.231138
  0.603113	0.247241
  0.642023	0.261876
  0.680934	0.27494
  0.719844	0.286417
  0.758755	0.296322
  0.797665	0.304673
  0.836576	0.311544
  0.875486	0.316964
  0.914397	0.321011
  0.953307	0.323759
  0.992218	0.325291
   1.03113	0.32568
   1.07004	0.325012
   1.10895	0.323354
   1.14786	0.320786
   1.18677	0.317373
   1.22568	0.313181
   1.26459	0.308273
    1.3035	0.302703
   1.34241	0.29654
   1.38132	0.289816
   1.42023	0.282623
   1.45914	0.274986
   1.49805	0.266949
   1.53696	0.258561
   1.57588	0.249884
   1.61479	0.240937
    1.6537	0.231772
   1.69261	0.222431
   1.73152	0.212962
   1.77043	0.203395
   1.80934	0.193782
   1.84825	0.184149
   1.88716	0.174548
   1.92607	0.165002
   1.96498	0.155563
   2.00389	0.146252
    2.0428	0.137118
   2.08171	0.128178
   2.12062	0.119476
   2.15953	0.111027
   2.19844	0.102853
   2.23735	0.0949966
   2.27626	0.0874648
   2.31518	0.0802759
   2.35409	0.0734339
     2.393	0.0669595
   2.43191	0.0608586
   2.47082	0.0551291
   2.50973	0.0497725
   2.54864	0.0447848
   2.58755	0.04016
   2.62646	0.0358903
   2.66537	0.0319644
   2.70428	0.0283708
   2.74319	0.0250939
    2.7821	0.02212
   2.82101	0.0194301
   2.85992	0.0170105
   2.89883	0.0148387
   2.93774	0.0129037
   2.97665	0.0111846
   3.01556	0.00965976
   3.05447	0.00831509
   3.09339	0.00713463
    3.1323	0.00610316
   3.17121	0.00520235
   3.21012	0.00442019
   3.24903	0.00374404
   3.28794	0.00316121
   3.32685	0.00266116
   3.36576	0.00223322
   3.40467	0.00186862
   3.44358	0.00155866
   3.48249	0.00129634
    3.5214	0.00107483
   3.56031	0.000888615
   3.59922	0.000732567
   3.63813	0.000602179
   3.67704	0.000493971
   3.71595	0.000404168
   3.75486	0.000329097
   3.79377	0.000267661
   3.83268	0.000216985
    3.8716	0.000175368
   3.91051	0.000141597
   3.94942	0.00011412
   3.98833	9.16542e-005
   4.02724	7.34343e-005
   4.06615	5.86611e-005
   4.10506	4.67121e-005
   4.14397	3.70861e-005
   4.18288	2.93472e-005
   4.22179	2.31466e-005
    4.2607	1.82043e-005
   4.29961	1.42642e-005
   4.33852	1.11582e-005
   4.37743	8.69091e-006
   4.41634	6.75876e-006
   4.45525	5.24849e-006
   4.49416	3.97145e-006
   4.53307	3.00851e-006
   4.57198	2.26782e-006
   4.61089	1.6875e-006
   4.64981	1.21384e-006
   4.68872	8.63006e-007
   4.72763	6.06742e-007
   4.76654	4.05397e-007
   4.80545	2.57442e-007
   4.84436	1.47031e-007
   4.88327	7.06944e-008
   4.92218	2.24805e-008
