        -5	2.37396e-008
  -4.96109	1.21317e-009
  -4.92218	7.25701e-009
  -4.88327	4.27361e-008
  -4.84436	1.09238e-007
  -4.80545	2.10366e-007
  -4.76654	3.49835e-007
  -4.72763	5.35868e-007
  -4.68872	7.79018e-007
  -4.64981	1.1002e-006
  -4.61089	1.52519e-006
  -4.57198	2.0913e-006
  -4.53307	2.83004e-006
  -4.49416	3.77648e-006
  -4.45525	4.9571e-006
  -4.41634	6.4387e-006
  -4.37743	8.31867e-006
  -4.33852	1.07577e-005
  -4.29961	1.38562e-005
   -4.2607	1.77417e-005
  -4.22179	2.25168e-005
  -4.18288	2.85935e-005
  -4.14397	3.62068e-005
  -4.10506	4.57763e-005
  -4.06615	5.73685e-005
  -4.02724	7.20431e-005
  -3.98833	9.00733e-005
  -3.94942	0.000112319
  -3.91051	0.000139492
   -3.8716	0.000173037
  -3.83268	0.000213992
  -3.79377	0.000263476
  -3.75486	0.000324216
  -3.71595	0.000397356
  -3.67704	0.000485426
  -3.63813	0.000592105
  -3.59922	0.000719425
  -3.56031	0.000871947
   -3.5214	0.00105339
  -3.48249	0.00127003
  -3.44358	0.0015252
  -3.40467	0.00182669
  -3.36576	0.002182
  -3.32685	0.00259853
  -3.28794	0.00308426
  -3.24903	0.0036492
  -3.21012	0.00430571
  -3.17121	0.0050649
   -3.1323	0.00593901
  -3.09339	0.00694032
  -3.05447	0.00808449
  -3.01556	0.00938732
  -2.97665	0.0108665
  -2.93774	0.0125383
  -2.89883	0.0144203
  -2.85992	0.016529
  -2.82101	0.0188823
   -2.7821	0.0214972
  -2.74319	0.0243918
  -2.70428	0.0275822
  -2.66537	0.031085
  -2.62646	0.0349142
  -2.58755	0.0390834
  -2.54864	0.043603
  -2.50973	0.0484823
  -2.47082	0.053727
  -2.43191	0.0593409
    -2.393	0.0653239
  -2.35409	0.0716737
  -2.31518	0.0783841
  -2.27626	0.0854468
  -2.23735	0.0928499
  -2.19844	0.10058
  -2.15953	0.10862
  -2.12062	0.11695
  -2.08171	0.125545
   -2.0428	0.134375
  -2.00389	0.14341
  -1.96498	0.152615
  -1.92607	0.161962
  -1.88716	0.171421
  -1.84825	0.180957
  -1.80934	0.190526
  -1.77043	0.200085
  -1.73152	0.2096
  -1.69261	0.219038
   -1.6537	0.228361
  -1.61479	0.237507
  -1.57588	0.246452
  -1.53696	0.25515
  -1.49805	0.26357
  -1.45914	0.271629
  -1.42023	0.279331
  -1.38132	0.286599
  -1.34241	0.293382
   -1.3035	0.299652
  -1.26459	0.305334
  -1.22568	0.310375
  -1.18677	0.314736
  -1.14786	0.318319
  -1.10895	0.321089
  -1.07004	0.322975
  -1.03113	0.323874
 -0.992218	0.323752
 -0.953307	0.322509
 -0.914397	0.320074
 -0.875486	0.316352
 -0.836576	0.311295
 -0.797665	0.304823
 -0.758755	0.296867
 -0.719844	0.28737
 -0.680934	0.276311
 -0.642023	0.263683
 -0.603113	0.249503
 -0.564202	0.233817
 -0.525292	0.216717
 -0.486381	0.198347
 -0.447471	0.178914
  -0.40856	0.158674
  -0.36965	0.137948
 -0.330739	0.117107
 -0.291829	0.0965804
 -0.252918	0.0768339
 -0.214008	0.0583649
 -0.175097	0.0416751
 -0.136187	0.0272529
-0.0972763	0.0155428
-0.0583658	0.0069241
-0.0194553	0.00168413
 0.0194553	2.39951e-006
 0.0583658	0.00193695
 0.0972763	0.00742091
  0.136187	0.0162676
  0.175097	0.028181
  0.214008	0.0427781
  0.252918	0.0596084
  0.291829	0.0781849
  0.330739	0.0980038
   0.36965	0.118574
   0.40856	0.139428
  0.447471	0.160142
  0.486381	0.180338
  0.525292	0.199704
  0.564202	0.217983
  0.603113	0.23499
  0.642023	0.250586
  0.680934	0.264679
  0.719844	0.277204
  0.758755	0.28815
  0.797665	0.297534
  0.836576	0.305406
  0.875486	0.311786
  0.914397	0.316756
  0.953307	0.320376
  0.992218	0.322751
   1.03113	0.323913
   1.07004	0.323971
   1.10895	0.323007
   1.14786	0.321064
   1.18677	0.318247
   1.22568	0.31461
   1.26459	0.310209
    1.3035	0.305132
   1.34241	0.299413
   1.38132	0.29311
   1.42023	0.286306
   1.45914	0.279005
   1.49805	0.27129
   1.53696	0.263198
   1.57588	0.254779
   1.61479	0.24606
    1.6537	0.237098
   1.69261	0.227942
   1.73152	0.218624
   1.77043	0.209179
   1.80934	0.199649
   1.84825	0.190083
   1.88716	0.180521
   1.92607	0.170997
   1.96498	0.161542
   2.00389	0.152192
    2.0428	0.142983
   2.08171	0.133952
   2.12062	0.125132
   2.15953	0.116552
   2.19844	0.108237
   2.23735	0.100211
   2.27626	0.0924952
   2.31518	0.0851053
   2.35409	0.0780574
     2.393	0.0713624
   2.43191	0.0650301
   2.47082	0.0590649
   2.50973	0.0534702
   2.54864	0.0482443
   2.58755	0.0433846
   2.62646	0.0388836
   2.66537	0.0347331
   2.70428	0.030921
   2.74319	0.0274346
    2.7821	0.0242582
   2.82101	0.0213766
   2.85992	0.0187725
   2.89883	0.0164302
   2.93774	0.0143321
   2.97665	0.0124621
   3.01556	0.010801
   3.05447	0.00933111
   3.09339	0.0080337
    3.1323	0.00689388
   3.17121	0.00589692
   3.21012	0.0050295
   3.24903	0.00427616
   3.28794	0.00362352
   3.32685	0.00306079
   3.36576	0.00257817
   3.40467	0.00216573
   3.44358	0.00181239
   3.48249	0.00151315
    3.5214	0.00125935
   3.56031	0.00104539
   3.59922	0.000864626
   3.63813	0.000713708
   3.67704	0.000587409
   3.71595	0.000481614
   3.75486	0.000394427
   3.79377	0.000321818
   3.83268	0.000261782
    3.8716	0.000212606
   3.91051	0.000172111
   3.94942	0.000138968
   3.98833	0.000111757
   4.02724	8.99848e-005
   4.06615	7.20008e-005
   4.10506	5.74915e-005
   4.14397	4.57832e-005
   4.18288	3.64876e-005
   4.22179	2.89209e-005
    4.2607	2.28165e-005
   4.29961	1.79336e-005
   4.33852	1.41068e-005
   4.37743	1.10813e-005
   4.41634	8.66746e-006
   4.45525	6.71927e-006
   4.49416	5.16358e-006
   4.53307	3.93594e-006
   4.57198	2.98498e-006
   4.61089	2.251e-006
   4.64981	1.68663e-006
   4.68872	1.24829e-006
   4.72763	9.07648e-007
   4.76654	6.40999e-007
   4.80545	4.34537e-007
   4.84436	2.75914e-007
   4.88327	1.58322e-007
   4.92218	7.52932e-008
