        -5	1.72958e-008
  -4.96109	1.26224e-008
  -4.92218	4.11108e-008
  -4.88327	1.01441e-007
  -4.84436	1.93301e-007
  -4.80545	3.13503e-007
  -4.76654	4.80544e-007
  -4.72763	7.1995e-007
  -4.68872	1.01466e-006
  -4.64981	1.39286e-006
  -4.61089	1.90406e-006
  -4.57198	2.52269e-006
  -4.53307	3.35877e-006
  -4.49416	4.36319e-006
  -4.45525	5.72339e-006
  -4.41634	7.35319e-006
  -4.37743	9.46266e-006
  -4.33852	1.217e-005
  -4.29961	1.55285e-005
   -4.2607	1.96544e-005
  -4.22179	2.48267e-005
  -4.18288	3.1306e-005
  -4.14397	3.94247e-005
  -4.10506	4.95232e-005
  -4.06615	6.20664e-005
  -4.02724	7.75395e-005
  -3.98833	9.65642e-005
  -3.94942	0.000119805
  -3.91051	0.000148316
   -3.8716	0.000183393
  -3.83268	0.000226429
  -3.79377	0.000278298
  -3.75486	0.000341566
  -3.71595	0.000418102
  -3.67704	0.00051029
  -3.63813	0.000621223
  -3.59922	0.000754251
  -3.56031	0.000913103
   -3.5214	0.00110206
  -3.48249	0.00132737
  -3.44358	0.00159245
  -3.40467	0.00190554
  -3.36576	0.00227398
  -3.32685	0.0027064
  -3.28794	0.00321057
  -3.24903	0.00379703
  -3.21012	0.00447601
  -3.17121	0.00526022
   -3.1323	0.00616217
  -3.09339	0.00719674
  -3.05447	0.00837866
  -3.01556	0.00972337
  -2.97665	0.0112448
  -2.93774	0.0129601
  -2.89883	0.0148904
  -2.85992	0.0170507
  -2.82101	0.0194563
   -2.7821	0.0221309
  -2.74319	0.0250839
  -2.70428	0.0283391
  -2.66537	0.0319058
  -2.62646	0.0358004
  -2.58755	0.0400397
  -2.54864	0.0446233
  -2.50973	0.0495685
  -2.47082	0.054882
  -2.43191	0.0605671
    -2.393	0.0666181
  -2.35409	0.0730347
  -2.31518	0.0798084
  -2.27626	0.0869331
  -2.23735	0.0943939
  -2.19844	0.102179
  -2.15953	0.11027
  -2.12062	0.118649
  -2.08171	0.127284
   -2.0428	0.136144
  -2.00389	0.145204
  -1.96498	0.154443
  -1.92607	0.16381
  -1.88716	0.173283
  -1.84825	0.182823
  -1.80934	0.192385
  -1.77043	0.201948
  -1.73152	0.211452
  -1.69261	0.220871
   -1.6537	0.23017
  -1.61479	0.239289
  -1.57588	0.248192
  -1.53696	0.256849
  -1.49805	0.265215
  -1.45914	0.273244
  -1.42023	0.280887
  -1.38132	0.288101
  -1.34241	0.294833
   -1.3035	0.301039
  -1.26459	0.306659
  -1.22568	0.311636
  -1.18677	0.3159
  -1.14786	0.3194
  -1.10895	0.32208
  -1.07004	0.323862
  -1.03113	0.324659
 -0.992218	0.324427
 -0.953307	0.32306
 -0.914397	0.320497
 -0.875486	0.316657
 -0.836576	0.311454
 -0.797665	0.304843
 -0.758755	0.296734
 -0.719844	0.287091
 -0.680934	0.275893
 -0.642023	0.263127
 -0.603113	0.248801
 -0.564202	0.232976
 -0.525292	0.215747
 -0.486381	0.197271
 -0.447471	0.177745
  -0.40856	0.157435
  -0.36965	0.13666
 -0.330739	0.115808
 -0.291829	0.0953026
 -0.252918	0.0756153
 -0.214008	0.0572335
 -0.175097	0.0406742
 -0.136187	0.0264159
-0.0972763	0.0148967
-0.0583658	0.00649279
-0.0194553	0.00148125
 0.0194553	3.37874e-005
 0.0583658	0.00219933
 0.0972763	0.00790189
  0.136187	0.0169465
  0.175097	0.0290371
  0.214008	0.0437754
  0.252918	0.0607137
  0.291829	0.0793605
  0.330739	0.0992204
   0.36965	0.119793
   0.40856	0.140621
  0.447471	0.161275
  0.486381	0.181395
  0.525292	0.200664
  0.564202	0.218837
  0.603113	0.235713
  0.642023	0.251167
  0.680934	0.265117
  0.719844	0.277508
  0.758755	0.28831
  0.797665	0.297566
  0.836576	0.30529
  0.875486	0.31154
  0.914397	0.316389
  0.953307	0.319887
  0.992218	0.32214
   1.03113	0.323198
   1.07004	0.323148
   1.10895	0.32208
   1.14786	0.320061
   1.18677	0.317148
   1.22568	0.313418
   1.26459	0.308934
    1.3035	0.303767
   1.34241	0.297968
   1.38132	0.291599
   1.42023	0.284706
   1.45914	0.277348
   1.49805	0.269575
   1.53696	0.26144
   1.57588	0.252974
   1.61479	0.244216
    1.6537	0.235227
   1.69261	0.226045
   1.73152	0.216698
   1.77043	0.207248
   1.80934	0.197718
   1.84825	0.188156
   1.88716	0.178605
   1.92607	0.169087
   1.96498	0.159658
   2.00389	0.150349
    2.0428	0.141182
   2.08171	0.132195
   2.12062	0.123424
   2.15953	0.114899
   2.19844	0.106646
   2.23735	0.0986838
   2.27626	0.0910358
   2.31518	0.0837154
   2.35409	0.0767386
     2.393	0.0701132
   2.43191	0.0638533
   2.47082	0.057965
   2.50973	0.0524494
   2.54864	0.0472946
   2.58755	0.0425081
   2.62646	0.038078
   2.66537	0.0339926
   2.70428	0.0302466
   2.74319	0.0268189
    2.7821	0.0237027
   2.82101	0.0208764
   2.85992	0.0183236
   2.89883	0.0160322
   2.93774	0.0139796
   2.97665	0.0121473
   3.01556	0.0105192
   3.05447	0.00907948
   3.09339	0.00781152
    3.1323	0.00669883
   3.17121	0.00572619
   3.21012	0.00487858
   3.24903	0.00414297
   3.28794	0.00350639
   3.32685	0.00295881
   3.36576	0.00248954
   3.40467	0.00208894
   3.44358	0.00174613
   3.48249	0.00145614
    3.5214	0.00121045
   3.56031	0.0010033
   3.59922	0.000829161
   3.63813	0.000683417
   3.67704	0.000561622
   3.71595	0.00046012
   3.75486	0.00037639
   3.79377	0.000306581
   3.83268	0.000249121
    3.8716	0.000202129
   3.91051	0.000163724
   3.94942	0.000132237
   3.98833	0.000106502
   4.02724	8.55242e-005
   4.06615	6.85047e-005
   4.10506	5.47412e-005
   4.14397	4.36764e-005
   4.18288	3.48147e-005
   4.22179	2.77155e-005
    4.2607	2.19456e-005
   4.29961	1.7262e-005
   4.33852	1.35745e-005
   4.37743	1.06715e-005
   4.41634	8.27377e-006
   4.45525	6.45119e-006
   4.49416	4.94535e-006
   4.53307	3.80194e-006
   4.57198	2.86785e-006
   4.61089	2.14798e-006
   4.64981	1.60005e-006
   4.68872	1.14122e-006
   4.72763	8.05205e-007
   4.76654	5.58936e-007
   4.80545	3.72052e-007
   4.84436	2.26248e-007
   4.88327	1.21752e-007
   4.92218	5.23369e-008
