        -5	1.16885e-009
  -4.96109	5.05105e-009
  -4.92218	3.01784e-008
  -4.88327	8.07058e-008
  -4.84436	1.48852e-007
  -4.80545	2.45698e-007
  -4.76654	3.90363e-007
  -4.72763	5.82908e-007
  -4.68872	8.34105e-007
  -4.64981	1.19279e-006
  -4.61089	1.63219e-006
  -4.57198	2.19717e-006
  -4.53307	2.94333e-006
  -4.49416	3.91406e-006
  -4.45525	5.19373e-006
  -4.41634	6.77399e-006
  -4.37743	8.78815e-006
  -4.33852	1.13691e-005
  -4.29961	1.45924e-005
   -4.2607	1.87675e-005
  -4.22179	2.40623e-005
  -4.18288	3.07014e-005
  -4.14397	3.89829e-005
  -4.10506	4.92714e-005
  -4.06615	6.23495e-005
  -4.02724	7.84987e-005
  -3.98833	9.83885e-005
  -3.94942	0.00012314
  -3.91051	0.000153263
   -3.8716	0.000190231
  -3.83268	0.000235554
  -3.79377	0.000290959
  -3.75486	0.000358055
  -3.71595	0.000439885
  -3.67704	0.000538466
  -3.63813	0.000656963
  -3.59922	0.000799269
  -3.56031	0.000968902
   -3.5214	0.0011709
  -3.48249	0.00141131
  -3.44358	0.00169556
  -3.40467	0.00203031
  -3.36576	0.0024251
  -3.32685	0.00288619
  -3.28794	0.00342344
  -3.24903	0.00404835
  -3.21012	0.0047724
  -3.17121	0.00560875
   -3.1323	0.0065671
  -3.09339	0.00766431
  -3.05447	0.00891651
  -3.01556	0.0103365
  -2.97665	0.011946
  -2.93774	0.0137616
  -2.89883	0.0157986
  -2.85992	0.0180751
  -2.82101	0.0206087
   -2.7821	0.0234215
  -2.74319	0.0265247
  -2.70428	0.0299343
  -2.66537	0.0336686
  -2.62646	0.0377377
  -2.58755	0.0421584
  -2.54864	0.0469328
  -2.50973	0.0520739
  -2.47082	0.0575769
  -2.43191	0.0634617
    -2.393	0.0697085
  -2.35409	0.07632
  -2.31518	0.0832879
  -2.27626	0.0906057
  -2.23735	0.0982588
  -2.19844	0.106224
  -2.15953	0.114479
  -2.12062	0.123006
  -2.08171	0.131776
   -2.0428	0.140764
  -2.00389	0.149936
  -1.96498	0.159261
  -1.92607	0.168704
  -1.88716	0.17823
  -1.84825	0.187794
  -1.80934	0.197373
  -1.77043	0.206919
  -1.73152	0.216395
  -1.69261	0.225756
   -1.6537	0.234963
  -1.61479	0.243974
  -1.57588	0.252747
  -1.53696	0.261244
  -1.49805	0.269402
  -1.45914	0.27718
  -1.42023	0.284546
  -1.38132	0.291428
  -1.34241	0.297794
   -1.3035	0.303587
  -1.26459	0.308735
  -1.22568	0.313181
  -1.18677	0.316872
  -1.14786	0.319728
  -1.10895	0.321685
  -1.07004	0.322685
  -1.03113	0.322634
 -0.992218	0.321466
 -0.953307	0.319097
 -0.914397	0.315442
 -0.875486	0.310433
 -0.836576	0.304001
 -0.797665	0.29607
 -0.758755	0.286597
 -0.719844	0.275561
 -0.680934	0.262931
 -0.642023	0.248738
 -0.603113	0.233021
 -0.564202	0.215907
 -0.525292	0.197519
 -0.486381	0.17806
 -0.447471	0.157797
  -0.40856	0.137047
  -0.36965	0.116187
 -0.330739	0.0956556
 -0.291829	0.0759267
 -0.252918	0.0574979
 -0.214008	0.0408798
 -0.175097	0.0265619
 -0.136187	0.0149862
-0.0972763	0.00653245
-0.0583658	0.00148485
-0.0194553	1.91613e-005
 0.0194553	0.00218971
 0.0583658	0.00792271
 0.0972763	0.0170248
  0.136187	0.0291954
  0.175097	0.0440421
  0.214008	0.0611183
  0.252918	0.0799227
  0.291829	0.0999548
  0.330739	0.120715
   0.36965	0.141728
   0.40856	0.162574
  0.447471	0.182885
  0.486381	0.202341
  0.525292	0.220693
  0.564202	0.237763
  0.603113	0.253392
  0.642023	0.267502
  0.680934	0.28003
  0.719844	0.290989
  0.758755	0.300375
  0.797665	0.308219
  0.836576	0.314584
  0.875486	0.319532
  0.914397	0.323128
  0.953307	0.325457
  0.992218	0.326597
   1.03113	0.326619
   1.07004	0.32561
   1.10895	0.32365
   1.14786	0.320787
   1.18677	0.317111
   1.22568	0.312673
   1.26459	0.307532
    1.3035	0.301762
   1.34241	0.29542
   1.38132	0.288545
   1.42023	0.2812
   1.45914	0.273433
   1.49805	0.265272
   1.53696	0.256783
   1.57588	0.248004
   1.61479	0.23898
    1.6537	0.229758
   1.69261	0.220366
   1.73152	0.210855
   1.77043	0.201264
   1.80934	0.191636
   1.84825	0.182002
   1.88716	0.172408
   1.92607	0.162884
   1.96498	0.153472
   2.00389	0.144197
    2.0428	0.135106
   2.08171	0.126221
   2.12062	0.117575
   2.15953	0.109191
   2.19844	0.101089
   2.23735	0.0932998
   2.27626	0.0858413
   2.31518	0.0787299
   2.35409	0.0719731
     2.393	0.0655751
   2.43191	0.0595589
   2.47082	0.0539098
   2.50973	0.0486369
   2.54864	0.0437272
   2.58755	0.0391828
   2.62646	0.0349896
   2.66537	0.0311429
   2.70428	0.0276211
   2.74319	0.0244135
    2.7821	0.0215072
   2.82101	0.0188819
   2.85992	0.0165204
   2.89883	0.0144033
   2.93774	0.0125163
   2.97665	0.0108428
   3.01556	0.00936035
   3.05447	0.00805457
   3.09339	0.006909
    3.1323	0.00590434
   3.17121	0.00502966
   3.21012	0.0042706
   3.24903	0.00361513
   3.28794	0.00304985
   3.32685	0.00256341
   3.36576	0.00214886
   3.40467	0.00179528
   3.44358	0.00149514
   3.48249	0.00124183
    3.5214	0.00102818
   3.56031	0.000848435
   3.59922	0.000698039
   3.63813	0.000572621
   3.67704	0.000467843
   3.71595	0.000381396
   3.75486	0.000309926
   3.79377	0.000251104
   3.83268	0.000203092
    3.8716	0.000163745
   3.91051	0.000131438
   3.94942	0.000105311
   3.98833	8.40821e-005
   4.02724	6.67675e-005
   4.06615	5.30318e-005
   4.10506	4.19911e-005
   4.14397	3.31052e-005
   4.18288	2.5986e-005
   4.22179	2.02808e-005
    4.2607	1.58733e-005
   4.29961	1.23575e-005
   4.33852	9.59503e-006
   4.37743	7.43677e-006
   4.41634	5.69855e-006
   4.45525	4.33376e-006
   4.49416	3.28455e-006
   4.53307	2.47793e-006
   4.57198	1.86382e-006
   4.61089	1.34925e-006
   4.64981	9.76912e-007
   4.68872	6.91724e-007
   4.72763	4.7017e-007
   4.76654	3.19636e-007
   4.80545	2.07173e-007
   4.84436	1.18763e-007
   4.88327	5.68866e-008
   4.92218	1.88085e-008
