        -5	4.961e-008
  -4.96109	1.13419e-008
  -4.92218	7.85768e-011
  -4.88327	1.35217e-008
  -4.84436	5.30662e-008
  -4.80545	1.22495e-007
  -4.76654	2.39585e-007
  -4.72763	3.91391e-007
  -4.68872	5.95154e-007
  -4.64981	8.80074e-007
  -4.61089	1.2656e-006
  -4.57198	1.72868e-006
  -4.53307	2.32881e-006
  -4.49416	3.12498e-006
  -4.45525	4.1268e-006
  -4.41634	5.34679e-006
  -4.37743	6.89516e-006
  -4.33852	8.84036e-006
  -4.29961	1.13147e-005
   -4.2607	1.44775e-005
  -4.22179	1.84444e-005
  -4.18288	2.33473e-005
  -4.14397	2.95191e-005
  -4.10506	3.70908e-005
  -4.06615	4.66107e-005
  -4.02724	5.85807e-005
  -3.98833	7.33326e-005
  -3.94942	9.15373e-005
  -3.91051	0.000114109
   -3.8716	0.000141863
  -3.83268	0.00017586
  -3.79377	0.000217417
  -3.75486	0.000268274
  -3.71595	0.000330002
  -3.67704	0.000404607
  -3.63813	0.000494621
  -3.59922	0.000603998
  -3.56031	0.00073476
   -3.5214	0.000892274
  -3.48249	0.00107961
  -3.44358	0.00130278
  -3.40467	0.00156746
  -3.36576	0.00187923
  -3.32685	0.00224694
  -3.28794	0.00267774
  -3.24903	0.00318162
  -3.21012	0.00376998
  -3.17121	0.00445154
   -3.1323	0.00523883
  -3.09339	0.00614672
  -3.05447	0.00718992
  -3.01556	0.00837942
  -2.97665	0.00973393
  -2.93774	0.0112708
  -2.89883	0.0130076
  -2.85992	0.0149579
  -2.82101	0.0171435
   -2.7821	0.0195773
  -2.74319	0.0222815
  -2.70428	0.0252745
  -2.66537	0.0285697
  -2.62646	0.0321897
  -2.58755	0.0361421
  -2.54864	0.0404399
  -2.50973	0.045096
  -2.47082	0.0501123
  -2.43191	0.0555023
    -2.393	0.0612687
  -2.35409	0.0674067
  -2.31518	0.0739083
  -2.27626	0.0807814
  -2.23735	0.0880085
  -2.19844	0.095573
  -2.15953	0.103458
  -2.12062	0.111654
  -2.08171	0.120131
   -2.0428	0.128872
  -2.00389	0.137844
  -1.96498	0.147007
  -1.92607	0.156344
  -1.88716	0.165802
  -1.84825	0.175363
  -1.80934	0.184986
  -1.77043	0.194632
  -1.73152	0.204276
  -1.69261	0.213865
   -1.6537	0.223354
  -1.61479	0.232718
  -1.57588	0.241915
  -1.53696	0.250891
  -1.49805	0.259604
  -1.45914	0.268027
  -1.42023	0.276109
  -1.38132	0.283791
  -1.34241	0.291032
   -1.3035	0.297797
  -1.26459	0.304018
  -1.22568	0.309665
  -1.18677	0.31465
  -1.14786	0.318944
  -1.10895	0.322455
  -1.07004	0.325149
  -1.03113	0.326936
 -0.992218	0.327742
 -0.953307	0.327497
 -0.914397	0.326122
 -0.875486	0.323537
 -0.836576	0.319676
 -0.797665	0.314446
 -0.758755	0.307777
 -0.719844	0.299619
 -0.680934	0.289919
 -0.642023	0.27864
 -0.603113	0.26577
 -0.564202	0.251332
 -0.525292	0.235373
 -0.486381	0.218021
 -0.447471	0.199395
  -0.40856	0.179721
  -0.36965	0.159244
 -0.330739	0.138292
 -0.291829	0.117249
 -0.252918	0.0965377
 -0.214008	0.0766442
 -0.175097	0.0580723
 -0.136187	0.0413235
-0.0972763	0.02689
-0.0583658	0.0152147
-0.0194553	0.00667293
 0.0194553	0.00154796
 0.0583658	1.12474e-005
 0.0972763	0.00211153
  0.136187	0.00777228
  0.175097	0.0167976
  0.214008	0.0288847
  0.252918	0.0436334
  0.291829	0.0605929
  0.330739	0.0792643
   0.36965	0.0991394
   0.40856	0.119731
  0.447471	0.140557
  0.486381	0.161216
  0.525292	0.181321
  0.564202	0.200565
  0.603113	0.2187
  0.642023	0.235532
  0.680934	0.250926
  0.719844	0.264802
  0.758755	0.277101
  0.797665	0.287807
  0.836576	0.296948
  0.875486	0.30456
  0.914397	0.31069
  0.953307	0.315409
  0.992218	0.318775
   1.03113	0.320876
   1.07004	0.3218
   1.10895	0.321611
   1.14786	0.320404
   1.18677	0.318226
   1.22568	0.315185
   1.26459	0.31132
    1.3035	0.306722
   1.34241	0.301438
   1.38132	0.29552
   1.42023	0.289034
   1.45914	0.282045
   1.49805	0.274587
   1.53696	0.266707
   1.57588	0.258468
   1.61479	0.249917
    1.6537	0.241083
   1.69261	0.232013
   1.73152	0.222767
   1.77043	0.213379
   1.80934	0.20389
   1.84825	0.194346
   1.88716	0.184768
   1.92607	0.175214
   1.96498	0.165707
   2.00389	0.15629
    2.0428	0.147009
   2.08171	0.137885
   2.12062	0.128964
   2.15953	0.120268
   2.19844	0.11182
   2.23735	0.103649
   2.27626	0.0957884
   2.31518	0.0882435
   2.35409	0.0810313
     2.393	0.0741725
   2.43191	0.0676779
   2.47082	0.0615473
   2.50973	0.0557859
   2.54864	0.0503947
   2.58755	0.0453681
   2.62646	0.0407106
   2.66537	0.036407
   2.70428	0.03245
   2.74319	0.0288283
    2.7821	0.0255201
   2.82101	0.0225171
   2.85992	0.0197973
   2.89883	0.0173468
   2.93774	0.0151499
   2.97665	0.0131878
   3.01556	0.0114383
   3.05447	0.00988883
   3.09339	0.00852258
    3.1323	0.00732057
   3.17121	0.00626609
   3.21012	0.00534722
   3.24903	0.00454944
   3.28794	0.00385808
   3.32685	0.00326254
   3.36576	0.00274933
   3.40467	0.00230991
   3.44358	0.00193499
   3.48249	0.0016153
    3.5214	0.00134541
   3.56031	0.00111644
   3.59922	0.000924841
   3.63813	0.000763981
   3.67704	0.000629268
   3.71595	0.000516749
   3.75486	0.000423557
   3.79377	0.000346068
   3.83268	0.000282074
    3.8716	0.000229255
   3.91051	0.000186027
   3.94942	0.000150442
   3.98833	0.000121243
   4.02724	9.75859e-005
   4.06615	7.84788e-005
   4.10506	6.29323e-005
   4.14397	5.03167e-005
   4.18288	4.01194e-005
   4.22179	3.18213e-005
    4.2607	2.523e-005
   4.29961	1.99926e-005
   4.33852	1.57867e-005
   4.37743	1.24904e-005
   4.41634	9.79824e-006
   4.45525	7.63266e-006
   4.49416	5.95106e-006
   4.53307	4.63383e-006
   4.57198	3.53346e-006
   4.61089	2.67757e-006
   4.64981	2.02343e-006
   4.68872	1.51269e-006
   4.72763	1.08077e-006
   4.76654	7.67679e-007
   4.80545	5.2676e-007
   4.84436	3.50903e-007
   4.88327	2.16817e-007
   4.92218	1.18787e-007
