        -5	1.20572e-009
  -4.96109	1.9761e-008
  -4.92218	6.31345e-008
  -4.88327	1.29718e-007
  -4.84436	2.28392e-007
  -4.80545	3.61916e-007
  -4.76654	5.39506e-007
  -4.72763	7.74288e-007
  -4.68872	1.07311e-006
  -4.64981	1.47438e-006
  -4.61089	1.96312e-006
  -4.57198	2.56823e-006
  -4.53307	3.35639e-006
  -4.49416	4.31787e-006
  -4.45525	5.6208e-006
  -4.41634	7.23806e-006
  -4.37743	9.31465e-006
  -4.33852	1.19316e-005
  -4.29961	1.52518e-005
   -4.2607	1.94351e-005
  -4.22179	2.46909e-005
  -4.18288	3.1345e-005
  -4.14397	3.94482e-005
  -4.10506	4.96777e-005
  -4.06615	6.22632e-005
  -4.02724	7.78814e-005
  -3.98833	9.73836e-005
  -3.94942	0.000121322
  -3.91051	0.000150843
   -3.8716	0.000187024
  -3.83268	0.000231298
  -3.79377	0.000285333
  -3.75486	0.000350922
  -3.71595	0.000430869
  -3.67704	0.000527097
  -3.63813	0.000642297
  -3.59922	0.000781196
  -3.56031	0.000947791
   -3.5214	0.00114591
  -3.48249	0.00138161
  -3.44358	0.00166054
  -3.40467	0.00198975
  -3.36576	0.00237677
  -3.32685	0.00283007
  -3.28794	0.00335959
  -3.24903	0.00397361
  -3.21012	0.00468613
  -3.17121	0.00550906
   -3.1323	0.00645267
  -3.09339	0.0075353
  -3.05447	0.00876985
  -3.01556	0.0101729
  -2.97665	0.0117607
  -2.93774	0.0135509
  -2.89883	0.0155601
  -2.85992	0.0178074
  -2.82101	0.0203083
   -2.7821	0.0230799
  -2.74319	0.0261466
  -2.70428	0.0295164
  -2.66537	0.0332034
  -2.62646	0.0372273
  -2.58755	0.0415963
  -2.54864	0.0463215
  -2.50973	0.0514099
  -2.47082	0.0568672
  -2.43191	0.0626944
    -2.393	0.068893
  -2.35409	0.0754579
  -2.31518	0.0823721
  -2.27626	0.0896357
  -2.23735	0.0972273
  -2.19844	0.105146
  -2.15953	0.113357
  -2.12062	0.121844
  -2.08171	0.130578
   -2.0428	0.139533
  -2.00389	0.148676
  -1.96498	0.157978
  -1.92607	0.167397
  -1.88716	0.176906
  -1.84825	0.186478
  -1.80934	0.196063
  -1.77043	0.205617
  -1.73152	0.215094
  -1.69261	0.224474
   -1.6537	0.233697
  -1.61479	0.242735
  -1.57588	0.251533
  -1.53696	0.260059
  -1.49805	0.268256
  -1.45914	0.276087
  -1.42023	0.283515
  -1.38132	0.290476
  -1.34241	0.296929
   -1.3035	0.302807
  -1.26459	0.30805
  -1.22568	0.312617
  -1.18677	0.316427
  -1.14786	0.31943
  -1.10895	0.321543
  -1.07004	0.322705
  -1.03113	0.32283
 -0.992218	0.321842
 -0.953307	0.319678
 -0.914397	0.31626
 -0.875486	0.311483
 -0.836576	0.305286
 -0.797665	0.297614
 -0.758755	0.288406
 -0.719844	0.27763
 -0.680934	0.265268
 -0.642023	0.251336
 -0.603113	0.235877
 -0.564202	0.21899
 -0.525292	0.200806
 -0.486381	0.181502
 -0.447471	0.161343
  -0.40856	0.140651
  -0.36965	0.119781
 -0.330739	0.0991582
 -0.291829	0.0792541
 -0.252918	0.0605628
 -0.214008	0.0435947
 -0.175097	0.0288422
 -0.136187	0.0167624
-0.0972763	0.00774704
-0.0583658	0.00209624
-0.0194553	9.90697e-006
 0.0194553	0.00156305
 0.0583658	0.00670262
 0.0972763	0.0152556
  0.136187	0.0269379
  0.175097	0.0413716
  0.214008	0.0581121
  0.252918	0.0766678
  0.291829	0.096534
  0.330739	0.117206
   0.36965	0.138207
   0.40856	0.159118
  0.447471	0.179553
  0.486381	0.199173
  0.525292	0.217726
  0.564202	0.235018
  0.603113	0.250891
  0.642023	0.265256
  0.680934	0.278051
  0.719844	0.289263
  0.758755	0.298896
  0.797665	0.306994
  0.836576	0.313596
  0.875486	0.318749
  0.914397	0.322549
  0.953307	0.325078
  0.992218	0.326402
   1.03113	0.326592
   1.07004	0.32574
   1.10895	0.323907
   1.14786	0.32118
   1.18677	0.317612
   1.22568	0.313288
   1.26459	0.308252
    1.3035	0.302562
   1.34241	0.296289
   1.38132	0.289476
   1.42023	0.28219
   1.45914	0.274475
   1.49805	0.266367
   1.53696	0.257926
   1.57588	0.249182
   1.61479	0.240195
    1.6537	0.230988
   1.69261	0.221625
   1.73152	0.212125
   1.77043	0.202532
   1.80934	0.192888
   1.84825	0.183247
   1.88716	0.173642
   1.92607	0.1641
   1.96498	0.154666
   2.00389	0.14537
    2.0428	0.136248
   2.08171	0.127329
   2.12062	0.118646
   2.15953	0.11022
   2.19844	0.102091
   2.23735	0.0942669
   2.27626	0.0867731
   2.31518	0.0796138
   2.35409	0.0728081
     2.393	0.0663681
   2.43191	0.060297
   2.47082	0.0545993
   2.50973	0.0492737
   2.54864	0.0443177
   2.58755	0.0397239
   2.62646	0.0354882
   2.66537	0.0315932
   2.70428	0.0280251
   2.74319	0.0247798
    2.7821	0.0218343
   2.82101	0.0191719
   2.85992	0.0167766
   2.89883	0.0146303
   2.93774	0.0127148
   2.97665	0.0110128
   3.01556	0.00950617
   3.05447	0.00817784
   3.09339	0.00701352
    3.1323	0.00599316
   3.17121	0.00510439
   3.21012	0.00433479
   3.24903	0.00366786
   3.28794	0.00309389
   3.32685	0.00260117
   3.36576	0.00217996
   3.40467	0.00182113
   3.44358	0.00151644
   3.48249	0.00125894
    3.5214	0.00104138
   3.56031	0.00085896
   3.59922	0.000707085
   3.63813	0.000579874
   3.67704	0.000473718
   3.71595	0.000386054
   3.75486	0.000313615
   3.79377	0.000253983
   3.83268	0.000205106
    3.8716	0.000165085
   3.91051	0.000132546
   3.94942	0.000105975
   3.98833	8.46423e-005
   4.02724	6.74668e-005
   4.06615	5.35186e-005
   4.10506	4.24899e-005
   4.14397	3.34701e-005
   4.18288	2.6314e-005
   4.22179	2.06001e-005
    4.2607	1.60657e-005
   4.29961	1.24755e-005
   4.33852	9.6358e-006
   4.37743	7.4145e-006
   4.41634	5.63873e-006
   4.45525	4.32271e-006
   4.49416	3.27153e-006
   4.53307	2.47252e-006
   4.57198	1.85094e-006
   4.61089	1.34522e-006
   4.64981	9.69341e-007
   4.68872	6.76867e-007
   4.72763	4.57412e-007
   4.76654	2.93422e-007
   4.80545	1.72532e-007
   4.84436	9.02447e-008
   4.88327	3.35703e-008
   4.92218	4.97763e-009
